1646834
1166972
392470
336108
795470
1546604
650636
730094
778211
975338
1023406
702692
891581
730840
1612850
846745
1240125
869614
159113
976366
1568430
72689
1129616
1198271
1354632
312433
1016073
284379
340424
1693750
480106
1194869
1630749
123668
340883
828711
1041591
908653
1439876
699716
1019866
206299
1426430
1589276
1243945
350178
1651198
507951
145315
1056901
1105527
1470409
923880
695824
1450883
544527
687622
449119
1545336
64939
1346207
1207995
905955
1429627
962766
1232132
1684586
4685
250847
1626315
1592619
852742
729867
637386
335666
1212692
904544
1315493
742568
435215
1410203
504698
184184
1471037
492247
422042
20588
1331014
40296
160899
1775737
420059
262876
505315
1740967
36435
896423
1608518
345119
565111
1684745
1201620
415641
469748
1785661
355702
1085486
1671731
513263
1205590
632702
1313939
934217
720668
988764
367015
1011526
736174
1780216
92654
384693
1735895
754035
1505490
406470
254937
989529
1435715
281721
1548810
1747207
1350253
1287641
1511572
695687
1627852
161648
1059936
1135469
791796
1036294
1771957
1701725
971300
969727
1511714
660016
1610873
270326
53089
790100
937152
43655
1484066
165720
903384
407228
891641
1683718
956627
1079946
230808
1761340
62907
1523926
1175532
390206
374505
1685147
1309824
1428165
1579871
41922
496265
1742039
1759928
227570
547412
922462
108426
35582
637459
425651
419953
332287
776353
1783441
753136
1483862
1480158
334011
1420734
314904
218323
977712
133270
98937
539835
674478
383733
1169159
713385
282749
1762886
1235914
804423
442863
1053738
536562
396749
1067834
492899
168379
94984
318472
1709801
929192
533354
1003601
1502406
843203
1715623
280274
1210015
339296
1328998
1549801
1482334
252166
1723121
485768
1512167
1065756
608934
337653
458933
293999
953219
261356
1569083
1566435
382548
748083
1719968
1415157
304308
224376
266789
29356
1790089
669473
947683
959685
1215662
983528
89501
1056139
1420687
1713158
1154374
1777399
137488
1292977
1755320
1443557
49594
166810
1723390
1504249
626358
174280
706898
529441
467278
1581309
186727
184775
1137909
1074346
1226427
1541231
1528816
1715416
1497020
1446352
1134612
123504
1305447
1312959
1000280
304494
437934
711390
446810
1147114
1402044
1592281
298182
653678
1604205
1257838
958018
43635
1570143
1383721
209231
89638
653641
1403200
1132378
210602
734211
223840
699915
853064
1547035
157882
215982
1293395
992830
745447
186411
1620234
1122668
651865
535988
1358274
953084
1579568
332444
135063
710499
1539360
873323
1698971
454866
791769
729413
779002
384439
999775
544570
680503
359698
39289
1261939
1080082
907561
889452
684292
920544
1154813
659845
622696
92435
340165
1736663
1189729
209951
338367
1479245
1757535
488742
1775974
1091347
42481
372627
1213687
1551472
1014708
1597709
1456775
975007
1288609
1353307
1754102
567650
1454454
487071
1704947
319113
823345
1287047
1685510
1236824
817323
176544
1249968
851275
980299
1582946
860011
422116
542617
1060427
893307
1263085
751907
1443433
168684
89952
1618795
1026300
1321028
1226269
849322
1357435
723609
1015988
719664
1607226
223626
1614584
920264
250872
179389
1603912
1441341
891367
14559
671601
305637
502682
1602453
1521788
900088
910372
809399
1162152
1588438
638336
574624
428260
1362811
943766
128562
374609
835944
820099
467951
1688224
1603676
438170
1702879
23736
1445268
650739
429830
1659608
1319105
1757799
610236
863935
872967
1266810
859208
1366193
486213
1644486
1397984
1642361
1114897
141664
43317
254469
1540030
787899
815772
588591
941597
1525094
1489506
617301
418109
801046
1679473
142213
313832
685943
1407213
1680462
651413
1363996
1480660
66804
1603881
997198
1001751
1132629
589334
628556
1579389
1131549
196972
764291
1578203
1526941
1033717
1793743
1367711
779778
1581312
463109
198979
1372010
832741
449436
1332972
1451253
1167661
1243554
1069875
346106
1588246
771847
681364
1727924
769243
820465
212010
356355
134
149634
1146017
642466
795671
443904
1113764
1523136
1133072
1701642
1351622
1092617
1790142
910917
69994
955159
181112
1402654
1550564
1363108
671409
434207
518074
730593
547513
1013400
768914
915517
1492766
351697
17076
92746
1689326
1496917
355212
618306
922499
341109
1442336
117689
1098122
1136421
481695
400588
909936
1228264
41932
486574
1402506
1606957
626708
1681786
571815
929814
890190
1765873
1273361
845937
1696361
1135662
95710
1069388
799558
575738
1311791
811093
1035357
1713286
801777
244151
1523834
1662935
79767
1210943
376388
559493
1587583
873084
619641
585226
1489910
392827
1491246
811894
822007
19817
1657280
1119203
471366
1003396
33121
1783742
1234138
579502
1195019
1710279
552347
1299238
1715096
668057
735501
465778
1351139
1211271
1284895
1100387
1752502
813867
1307727
1487567
372311
1329257
1594269
1117827
1127103
176646
488815
392552
837383
1060801
555694
1470090
767839
114035
1640143
1571298
1765667
1192381
752663
1756937
620730
23924
747773
1792154
72357
348043
1730055
607439
448321
311046
1178353
1531493
985787
1003183
237754
992589
1204243
1018027
981490
868888
1423709
932119
447792
1574642
1435213
794392
181563
337476
588349
1259518
596861
1111934
270258
1284613
1347965
1558852
1688015
1727896
1305990
3567
404126
916488
253636
252867
256523
328903
1281531
900784
73561
1344251
301965
123163
976304
1780250
894628
1189371
108028
1389939
390633
944407
856258
762459
1083365
381930
1661499
1640427
114380
559858
1656386
621888
1107676
184780
1104994
1138148
1121438
29806
1136283
312064
910062
50224
1037739
940439
1474073
594917
305514
1097894
1550928
55188
16665
225891
882758
1141754
1325998
1651787
469805
1713682
339920
482668
1729690
333196
1393797
1601457
1612859
703824
810762
108622
813251
1084630
872656
1022220
146905
915852
535837
969789
1479051
96538
136709
1255248
1419112
1067114
1466344
363682
685975
405640
757822
1462393
957444
1676881
1045739
421020
1418560
127795
1346206
281729
607201
1036205
1302841
1260844
1355785
1102299
1636695
1658186
1302870
1215571
127110
1333251
1032423
331148
1133631
1558715
625789
454777
1060961
120528
1760490
1266260
1318438
1714810
262873
349534
1303527
1149
430515
1789674
1344837
756645
1108639
19189
659706
435068
179816
146409
303074
205721
1789770
1484967
376367
1479567
1484384
771876
1462764
288835
373704
947299
985488
683799
1041440
693597
1475413
906897
82659
270233
536514
1666256
570333
138423
930935
519952
873402
1737411
861556
491595
197821
1562398
846959
1079609
1563172
523331
1535758
1538502
1145316
919979
626947
543974
1402350
1670717
619153
1186570
256324
798615
507037
56036
1203009
1498903
750832
1154576
386454
1251204
1753724
489724
1549034
774768
445116
506150
942229
1130697
1541159
146557
1772231
931091
1079995
1448294
1632538
105950
1008932
1507317
978527
1556513
749418
1081601
1732131
776518
1725903
733584
1363600
860492
576348
239539
970316
1776023
1707210
861900
545114
23122
1749056
320606
1774440
879743
889208
93543
1383513
480771
427044
409961
919240
1667080
1617248
251583
1634711
1516555
1570047
1401745
1014492
461329
896248
246536
1700620
863235
1710691
1355036
1777290
1756971
812534
1158419
617154
1506516
854539
953087
1396449
1479895
312970
1676101
1269381
607276
705172
100571
7629
1008318
1040832
1161471
930612
1059833
429919
545413
1641924
1732312
766514
212713
1685502
1339047
301674
1537035
283446
612599
680505
1107685
1302355
462789
488844
683915
973418
1658319
1659237
13864
280823
378197
1514334
969431
767778
357360
676124
750914
1452407
1473932
1735454
707249
994448
826431
1258400
1310993
227152
363725
669326
653992
1551445
449636
158546
70135
27391
1360009
1237918
1631800
1785535
1479919
1524857
1447583
325654
35302
870081
211295
957527
716415
902932
1288774
1788331
1198096
1397888
872468
1421777
921577
287527
441896
767289
192373
1233661
1239603
1662174
1582963
816684
564545
224983
459781
36061
60565
700413
865630
851372
269266
862518
842486
1128733
251561
432791
519386
1489393
113858
411197
1004315
941831
933415
350092
625273
1701304
474560
1155141
1087091
126741
1095881
190970
355519
789356
679603
592943
791617
377746
1340642
1695710
1142190
993138
402147
1442851
694402
687759
1545490
1127011
436587
685720
1358940
246955
1466062
400058
376030
1326361
463176
945815
956740
158989
1258631
1603968
1544763
146117
316454
945431
109939
44202
1012640
1039317
1174417
691521
1666765
1442660
937402
1090757
1450493
289199
807567
84002
1592545
1451477
339392
1706980
607212
1676967
1722936
1694568
1377459
107538
1221040
1327958
1521136
1072836
533844
414355
807044
952859
1149162
317829
1176075
1393544
1661556
1414623
1679450
482667
359382
993151
392274
1699652
1382253
109769
589359
546141
1674907
1092211
59715
760331
1318019
1381545
1333449
1283136
645094
1176426
186372
393748
351922
110781
37824
267165
809938
998537
1732108
1762613
74974
1386977
1128160
489604
1290139
1174647
676767
158049
704629
751468
713101
587501
894501
1469659
320756
233751
681892
1021149
195987
1418757
1130531
1525065
1327428
963531
1494202
806342
1442141
995738
754495
776677
109190
144662
975914
140677
265943
209361
385353
285615
321559
127982
667007
1476876
397520
573315
227275
1131866
519099
914823
1302071
1480212
794481
1046469
1659592
211652
1097309
1115194
870604
1169151
721406
977120
1417674
397703
1412607
1639539
1162866
641400
1546993
1616505
1069876
1106355
1569342
292241
1052273
1353234
1043286
75899
107214
618279
258251
44378
764242
1415172
1335651
1372229
374035
721770
1545747
219910
1630629
789194
1234823
542536
975755
92462
912976
352138
1007345
947999
1246350
1536562
672360
18832
1324260
1130251
911954
325416
1225994
124526
858365
893782
1343716
378196
793613
293070
439168
1075342
73182
1627630
1268937
1390342
543808
82553
845794
1662676
1246614
595396
149167
726600
131335
1412563
262917
484157
1662012
634268
1357062
1739983
1483017
697249
1144887
1267901
904939
1179430
305211
532386
705201
1642379
967445
527635
1217726
1010643
29286
533161
794617
963180
877575
56341
101677
1487027
418935
1248460
802532
1732213
966454
173257
520804
1597906
2968
424947
860243
364811
362094
1748990
662097
1520996
90233
1377287
1666165
1197374
1569073
1787869
1184454
898380
1769986
1146816
1668672
667068
1619514
72472
1634021
197041
295838
449366
716084
248301
935288
1732216
536456
1375565
1178012
768102
756272
596568
1503884
104454
1554562
1647111
371073
1494205
1622475
1608156
1091978
1275539
4047
1460013
1119880
1672061
995894
1716049
1751127
657443
1026467
1472157
435924
1583537
213919
497406
169678
788915
650440
1167257
1763746
1744020
1613910
698572
582801
517817
1103369
585295
717099
1013743
877918
887303
403454
411414
38051
1330157
1197017
429381
1727576
1472944
746168
590615
317790
99330
1050663
632984
1166709
851577
1186749
1458949
1318066
763501
727231
818178
636192
988406
1679950
1059202
39753
721198
1080161
1068721
393414
1305914
1097345
1643162
1575692
651529
923485
1116414
1443267
248438
640959
248984
1205810
1358136
344047
1339192
156728
1087386
1557319
1192011
1326500
704281
26451
1402423
1275337
294114
1374870
1572474
780188
1231636
1486327
16578
1326028
1752461
698078
230510
1022885
1758483
903645
178428
1530749
38679
1308404
23926
1561545
107414
1442081
1330485
963117
1274441
913117
1160172
8387
1359302
962954
93347
1334093
1379041
966908
1014615
978841
1685751
1247214
17747
317989
936172
1595007
313593
752562
1494244
69092
1606350
1400571
1379581
37980
1585123
310363
1234047
666431
1546586
251176
347021
1429625
969520
1640617
1304420
1332283
512988
1180038
711138
1418421
165212
1680640
1685323
283285
1683662
1025172
1140172
1660348
136866
5378
1292544
82105
1766079
51515
98434
1741139
440496
1535314
1248422
707156
876443
1070140
492879
1031901
1734771
905657
493526
1685640
5988
1389758
476421
1309646
950327
907528
714362
1702247
615316
843476
47121
1684258
39619
1683872
1476225
1123081
1614575
268794
503300
178915
714810
1051486
1574849
1042625
344504
1280279
211306
51061
140366
280470
815886
1281047
991982
1477599
944836
786223
1530213
1542446
964468
1440863
112856
593022
406562
114230
850551
457140
1185432
512973
538944
518861
580886
806065
970096
197238
1016213
1675709
1218123
996325
1781009
134862
872344
654679
447709
510138
1615184
134044
1173409
933786
941859
1330184
467905
143728
1015108
895751
1345338
1645857
1138650
1200723
438680
1255736
1242515
205736
157854
695070
1307205
283903
1071040
924084
1308815
1707163
1602623
1325393
1245366
1374092
1081066
457849
407514
1009008
1776930
577050
1710976
803681
37167
1788709
716047
1041858
1671255
1005119
1486769
1679588
1697271
34321
682455
717770
929424
1450518
218181
1044589
413054
147655
595364
889099
1336001
1351113
221390
888380
1462224
1165340
1759719
1271261
691193
57439
1746292
1091434
1018013
570993
1009115
1053911
994621
1397718
1469018
1432309
468253
891349
568215
1625791
516131
945912
74321
1286914
553500
624225
701475
666291
487958
1746646
1366298
500695
801406
796749
484524
1572412
1429911
4242
1387619
512997
950889
603527
770490
497681
1686951
1476059
775325
450203
1628866
1203116
933053
1087264
591434
906789
833309
60439
342563
898856
354018
718156
1165526
909222
1306188
53662
1662376
1176541
1718821
1193295
47450
446831
1486638
699137
487063
667038
329386
122003
605811
37773
1128717
1582145
844151
714038
1375979
877163
352206
478501
72412
248994
908461
612238
1443230
1778906
293765
505904
1774584
413590
544766
1073375
1690590
1427695
488722
125654
241230
1098066
1587438
294453
217512
157670
275697
1713139
672421
1126330
1077462
57552
1454056
755533
1629483
560881
485228
1202350
322228
784514
429682
999718
1479376
26679
1380719
1631858
233995
1281751
176236
1416196
879399
1155813
725871
936308
1675947
579000
543363
1551108
1546872
1513592
789866
554083
1247882
364063
868386
840392
841639
1011715
141317
1224782
1461
975071
1209359
291897
989366
55497
329928
1249429
1058775
504006
1342534
1509152
474765
674109
1422689
1724822
231604
1334500
822873
1338441
1103096
1548287
1420808
1338122
781820
764305
862540
1069272
502783
1512938
1197613
285742
1665540
1525626
1094731
786862
1328588
57940
233936
1588671
947461
391825
539265
1296393
417955
461688
1253604
838500
1397946
1225946
950482
867394
809021
235424
1147196
657950
1125510
417293
1706120
1506250
1149450
1275899
1248381
1409053
1512810
304679
1248203
1759875
524184
1688190
806528
1005933
1077264
419358
883593
1094915
509364
794664
947709
11074
41735
1579246
1701024
1190019
642628
730728
1297155
517011
131501
1766356
170351
420338
32857
720306
101042
187047
1228737
487712
972262
1167826
445917
275495
66312
11290
261515
1782497
713751
1074996
787501
830715
191545
1441315
400170
107892
1735433
613301
1601684
606233
250701
1548266
782475
1332689
1527893
1351672
554071
360063
388431
1379562
3183
332090
834948
1349931
813367
961874
142104
1244731
1028514
714994
305318
1205533
1104855
1299065
622956
1034364
836673
276464
1563135
1309228
1675671
594824
1384906
596137
1199552
842353
1456018
539552
67224
1766280
1513384
33145
426514
883353
375961
1700481
1010349
457835
1201856
160685
840117
683959
1484354
883732
403898
1692066
59438
127908
468901
1389899
997647
1571001
592156
382070
1028285
1663031
1044227
674870
1344680
1315976
115436
1392471
298308
94299
278247
1063817
462974
315711
1350312
67680
626720
1471667
1249984
582831
1634387
182840
1615319
1573552
1410937
949666
1081516
564230
940086
46202
1781715
1357503
723206
1258723
678618
1158866
106647
989392
1674494
282414
1056249
1485238
1289033
231121
1655508
858186
589255
622450
1733949
1217232
1715690
1277576
757121
296520
1347368
464660
1774554
637566
1376952
511742
916349
1708473
310409
553635
955805
207081
1312005
1734941
430776
1609130
1518676
265025
504261
280056
1273137
595663
207553
1357431
571669
312249
1780424
1162894
907201
789467
245155
662903
1753309
1384162
429699
1551826
1338039
741127
1649255
880855
546133
632607
1030369
1238824
1305728
1608371
1494958
1295679
1607291
1463546
1293889
1117434
3253
391196
339857
729353
1533586
867431
1632698
1126938
934211
595164
1423032
1454764
256477
498402
1719822
1733839
675602
263725
34436
684392
637904
1190811
1285534
447418
789574
404406
937144
1609408
874720
139776
21670
543727
1260739
856054
657637
937950
330285
1239927
1495209
453013
425610
1612186
27899
1497635
265014
1616696
375787
162820
1373001
625298
1485488
883617
61532
591092
350893
1617643
152014
1000189
899244
349768
1483899
984526
38075
102797
144985
802183
438447
988227
683686
750844
1079875
1751731
865244
1529428
742151
620725
592840
1370941
54069
258518
1568262
673585
1753504
499206
1447662
1412216
1575313
1381418
148049
530925
1046362
106218
669153
248921
587629
896098
131776
1770771
348848
1715917
257165
736406
764131
594367
972829
387135
859785
842754
99195
485900
852795
1732609
1541615
409639
1423036
1391346
1418671
1667725
468304
10744
1167414
146920
1548483
1754631
817917
1603462
773659
1004859
796896
871462
1428913
1252000
927385
163220
391048
1544287
270648
1624997
1553425
424794
1208448
1262859
1511629
1033153
1571458
168082
572691
1018556
783938
989114
890739
510808
1224848
1262569
1291244
1551153
209221
1370280
1637486
1224638
1232371
1473819
1673205
300046
350892
948834
1450277
217707
1127320
1747108
10222
1432255
136083
1265028
1177204
1533834
1275799
1362293
1224298
300131
826259
347609
858236
419492
1222829
208571
141771
759491
626876
1373628
82090
608952
1193101
1670428
612502
1253986
600708
600166
305800
1282775
848380
252323
1758025
298360
180895
1458689
1599119
1272641
1008379
714523
9316
399741
1496007
1157740
1453873
598396
815225
1751602
337764
493934
383598
23627
946473
4500
1395996
162897
1001131
992913
487075
1113336
571196
597439
1356884
912021
1323645
1168826
963279
447775
451367
268585
1719419
679778
1082461
1060017
185908
1230765
69637
1761175
733014
1447000
1025469
1466120
1219469
1016800
1488145
1641899
1784609
1795190
1310591
342834
547102
1093963
1189577
469900
679919
1585982
643602
1688279
825875
939227
1192084
1729189
600651
1470745
633965
784441
685531
1463732
328315
1315804
1710254
875738
796117
1047159
1733870
179776
1494830
1496320
1613544
724628
300183
64366
1650563
312245
1316918
1138191
1724275
658554
643317
588514
1288428
1731686
9116
989210
1733416
1332720
195131
1100974
1418095
1640647
1120260
111359
317197
1556446
469086
898229
711790
63485
1194325
1287787
107733
411067
1611053
452048
1052731
1106046
1388561
889438
604578
1412032
284045
710415
1611224
502711
51628
1298668
1540872
1523715
1220864
953515
574886
101820
256003
650011
410602
612352
380867
497590
1593634
175273
588502
914248
947932
1194341
605130
95950
1182204
310650
967231
1013067
61433
1555844
1283071
1030327
614884
992860
1650508
997206
549799
579860
567868
1757431
1692958
894402
300860
1155570
1557967
545108
1613032
266799
146135
780730
535223
825602
1533864
202420
1475796
1684974
51845
197051
825940
1281858
1224265
1050522
649023
445449
1349080
450676
1245484
786922
977063
53729
789072
1287131
1075138
1041879
743978
516130
262869
276640
831045
1471158
880354
726679
1285050
1136249
902206
929131
1324720
799431
336503
851287
624132
1228036
775291
1367622
1112226
776071
475572
514421
428379
1575709
1374966
1046710
1787929
662003
968681
1641618
1690125
441678
355997
406723
500577
399290
388616
1220955
1777639
1446351
822686
1097773
26077
1347183
217987
409946
744257
1079311
678887
1638462
869901
149769
476613
1082383
1661826
1582857
1705888
1093849
770600
431373
374890
1654302
1056461
1775839
1615402
173472
1299950
238835
1779220
907980
232329
1610848
1085756
465698
1345788
564394
1107610
1706477
612082
579818
1611777
1057103
37126
505886
1766086
537359
1201041
124280
440004
1273819
1099976
1752272
1251121
1238339
761944
767642
1091397
473566
470402
853357
441333
1777430
1326407
1078712
1504116
220812
378369
1367388
1431289
1250310
1139398
824502
313470
1099774
1751510
635687
34734
1097134
479916
1406402
985290
837642
175739
1379406
939015
803391
1458745
62205
584850
8996
851953
1656724
426887
867002
974899
16330
582216
10037
1540734
823780
1300476
1123875
1025285
1073210
1202404
1493822
1432830
806835
352469
245837
215605
922513
422981
92383
1255161
1691109
1736278
1658805
455192
217791
1545815
752988
81409
1000495
489729
1435760
319318
106107
856678
1648713
239631
1079750
667830
1334786
1023619
1276277
400364
301107
367595
1741568
656965
889090
836793
170991
590430
1254396
1102457
340767
1706648
1139604
630613
193932
1192724
1265632
485216
83627
988231
685283
1385313
1592725
562355
374236
892694
1109439
335954
993731
1360683
1176220
17270
919774
1353750
1266585
162202
978696
382593
159291
306095
260881
168176
837822
1416351
618473
462582
1514476
1234947
1595379
575876
563135
865155
67241
968498
525385
918675
912158
204199
1119794
1569219
1544675
884036
1349685
1768292
427909
1066875
1016744
1278351
677580
837165
764985
1591242
1008508
570091
1497063
1049136
1063949
350449
910462
950447
929261
1337981
117383
1282554
1702897
276393
1298486
1063730
808497
1705388
1602621
489803
493753
610212
103239
1393032
696571
275378
1396827
357049
442172
333907
926713
426530
1385551
1701199
545115
861185
1417595
1443653
334875
1651467
165463
925923
723834
663793
1350896
329703
32915
1243193
320475
1466581
279385
987405
77041
1152777
1694779
1791881
1566225
1059364
1009026
692669
69444
903072
997678
1194722
929012
206133
1557846
198264
398453
607058
698328
1046675
152687
335401
430444
1347944
789230
407409
137419
73283
1471458
35040
1018311
434675
1429818
333524
837634
137079
1278092
1612803
1252373
1389918
544944
1429658
1006099
796040
1663310
1551030
177400
1394188
597321
1443351
1318217
600993
908281
1531320
681494
1310062
1035054
1502821
1767246
1694540
395613
705561
1355828
1104051
987943
1179037
1356663
1030088
577851
1059339
1042272
1459870
203642
1279464
673316
1188046
833901
124514
1697455
447767
584578
738744
1044884
1312122
1036283
1715025
617600
143652
1017341
1317253
962262
1067705
330731
1461801
561384
909427
880794
1261159
444904
1535975
1035444
1727998
1673443
1424761
1600872
1265055
66992
624306
1000285
965587
398262
834899
1300030
1578848
66311
1213811
715473
162792
366288
1642718
598820
1227010
1210969
993199
555894
1393924
759485
1587298
1753414
1154893
388107
965052
1212933
1624341
649267
1595328
456030
1415777
1013441
1490900
1327821
1529853
771894
429710
1202095
437978
881423
231359
852659
1073121
1135417
586862
780600
1572186
1104216
1070024
394896
1593307
886166
1666304
1759222
335543
1098703
1378916
1522723
1173333
811817
1298488
260065
972885
1495695
1761236
890483
1282418
249002
589275
848322
781536
918169
70146
591537
957346
1425228
1408872
97292
1778941
1567096
192569
408983
1785907
1281497
17594
742743
1122299
269249
1380379
1657152
212683
1030578
1181096
206492
564524
260701
455824
395178
287981
322303
129318
289259
1071438
254088
961717
332850
1375583
256131
1229111
1695194
1209408
1323410
1126099
577728
1740344
575104
630042
917513
557392
1310434
200124
1430585
570511
904599
1200890
501756
547868
40623
1344649
1494868
1622679
1697174
847745
969976
1044330
816400
310814
647976
974423
1690715
1694387
1795873
408802
252512
840446
1661373
1518100
1123070
271291
1174439
1183487
891255
1129277
1200207
150508
1478058
1457088
755460
679848
1691901
1530165
575958
1593744
289654
1497470
94665
1326700
427773
1295447
1157718
1400105
974580
1345340
705568
1117994
1543864
632194
1739855
1480476
252635
1584491
1635876
1317302
708164
484991
753514
1585085
368370
1221012
802870
1332280
1638850
7107
869276
242070
241042
1009167
1185087
1090
1203392
393016
598001
1005638
1139913
1394652
1334341
725402
920082
1350010
963889
524183
846066
1682320
995831
54680
852336
110524
24577
899737
524746
1408713
644677
404145
917947
1193590
1104247
779460
317697
413830
1602465
203025
577882
571560
1193891
1126650
83753
949575
385688
1331511
1280391
1240375
1295966
1706353
173830
1298390
1547657
1766710
602274
1629718
950675
309649
1522554
1394329
466820
99960
115596
178510
1426800
215935
1762310
815468
971985
112743
1661579
1020338
925404
1177761
1729007
652122
202931
1691054
16948
1670695
823108
473060
260081
110134
219954
690595
1197827
359912
1183893
480823
1413604
1121906
652492
250024
188163
1151340
1038071
1610798
416906
402480
1418895
1021656
1189517
33838
271640
642496
134343
1065578
720388
1445816
851018
163925
204210
589407
1535048
1231494
1453549
790919
857272
595598
988967
793244
1513779
1548934
195092
552357
204342
1267586
1768525
1546974
1508404
1517662
1044358
588477
719794
248682
1337021
205455
1690496
1206391
1690796
914147
1786607
1582767
1324178
320007
64523
1256522
630737
1520030
1423766
354676
1321011
1035006
1520244
679203
1076529
1426555
679311
84028
1205271
320297
1342705
365758
933836
1433112
1289663
1677765
930607
1623876
685479
306738
716169
1585436
1630889
824154
972920
1329098
848045
1249187
153785
594143
1360047
1288266
1252058
993163
620082
757760
235322
1511096
193589
647645
639161
20950
920247
294321
1249954
1322399
204186
575130
295074
972200
736553
553277
51328
1242074
1041741
594910
1428069
1122358
685040
173595
580929
924451
1175593
895325
1077443
477211
1481000
1663263
906422
1214262
1736596
619210
1413426
602107
844460
90372
1141933
1329126
1486388
678254
351068
1045745
1147825
1261307
1729213
258164
927300
775038
1706096
895204
992975
842358
1474576
614725
370643
788587
925520
836266
943142
1430381
557071
55205
1457019
560098
554985
1626478
1679191
605112
1626817
1586899
1404627
984622
427730
700385
1309160
716760
1243384
874072
313202
1168329
1472528
1283708
1504331
1235134
173046
212583
1575423
1476949
1017669
908573
252787
1604909
1101206
963684
357414
286181
135297
463818
1321837
1574621
221417
1696668
53417
449435
411859
314253
12392
1566899
576431
1226852
1028996
901215
915395
280795
950586
1141473
799254
574344
1277803
161698
780846
365756
1079503
1788534
1731805
335528
770586
469646
1459622
1602062
1160758
1259785
1373865
663376
1359926
171825
662623
1762332
1574825
743350
1134983
1078733
438156
1695543
728363
1743883
1575779
234513
921996
139155
426544
605929
1620073
866075
472939
1043364
1243137
1045645
292745
853486
682952
861383
1040181
73209
1738313
493996
1543617
50188
1471610
351631
397044
1220122
1171091
786177
639756
865595
1736310
242397
904009
1345590
1158388
1330454
218274
1152807
1176953
336540
1753035
1310078
961869
1535640
262209
735934
820205
443239
871435
531338
1463762
1462294
69767
55973
106355
41636
1392050
1288694
151003
1462464
580705
539636
107693
782177
1736355
798050
1496029
459943
353719
234279
1246477
183597
1659567
402327
466668
1513790
710722
1316657
532446
1491925
867206
577412
409079
882716
1756396
903268
943696
447503
956552
553930
1580367
1132450
2137
1205822
504040
1670
1618955
644545
1007195
1423939
1387484
65640
618043
598892
361376
730440
1207335
279030
903490
1352322
1675719
1579800
63942
1183134
1178746
1484437
432350
1069095
219288
1284448
301741
1609083
863694
25227
857847
527560
1165385
922322
54246
1216570
1258312
1427590
883379
452598
828019
157038
1767523
1746182
1246570
367704
617583
359897
1060990
1209963
188910
32656
760558
909536
568532
805851
1082755
1507081
323833
979588
1594476
515097
551154
200436
245619
226011
1395642
1684404
571846
568698
564633
680295
884828
282224
1390221
1424721
747848
1137399
1139511
1710956
1178786
1130352
1311706
316263
982334
1640132
656288
695199
240880
993898
530427
1541394
1219500
816785
1738270
435204
1532134
709304
614973
991891
1229753
476075
1244263
648071
1486434
712977
414194
357327
1170353
125200
705917
1548538
1139245
1328088
1404274
921008
222862
1549516
1080671
1672779
1678362
605184
709218
265198
387920
1024898
1689313
628474
600990
834556
506267
187738
1477388
1300725
270968
378318
1108058
406418
1510717
497051
1491391
1286542
908123
906394
1522243
317407
901811
314507
232459
568344
451132
1077112
556133
1504142
314595
247344
1372919
214951
1717541
732453
1671283
1615782
505818
1128652
1194893
1290038
365595
10133
546018
1675664
100152
1267010
1520099
1552800
1161768
707454
1089128
573291
480801
248303
1140703
1682714
1600113
1715146
271185
1194735
1732951
617117
720840
469367
306582
551474
1156364
997349
1008929
16861
963242
971415
1395451
1348479
882140
1085933
356751
682349
1418252
96411
1340470
1264070
1572172
1715874
1282058
1262360
258138
31784
954550
1059756
1295659
477812
900981
179537
203330
1388118
946956
960716
1265755
1661690
285602
1013305
1623423
1702975
1096098
1147546
1441610
1222744
658386
912682
615170
709024
62713
189160
556476
1448529
485366
908868
1211000
527421
706050
1125967
815821
875233
1119555
268820
1046112
61902
113901
766663
157331
1231829
1252010
1262197
705179
1031505
783785
1544916
549125
485337
660727
864878
107582
1032149
1409176
264233
1391774
818266
770267
1104982
1637576
238322
1017343
646823
884641
511443
1592164
1130312
390075
59230
1564882
1625180
1764325
1263251
1718269
149660
101711
1440670
1020976
1353886
1314369
1482928
273269
896646
175534
1164715
1172302
93061
1160148
1706677
8677
1152432
419216
801623
821065
778614
108941
1106277
122912
159492
1598993
1004245
419364
390606
877484
328151
185979
1313832
1553057
293807
1418192
357852
1493535
4534
1697273
1419057
1787338
1299747
758484
1198904
1367103
988224
644268
452800
596312
1172692
766243
876604
1508559
1601190
735120
991566
1340648
1741881
610959
1540865
542553
744184
489343
1371103
248769
1137921
982516
525003
57657
1057137
764633
1547062
679969
646340
1436878
815181
271474
1147721
309413
785321
194932
979792
269888
1122670
355412
346583
1137579
288670
1359385
1490382
1372774
1767796
1660312
1161118
1005068
409826
785732
1242019
36347
1360925
1597967
1337577
105874
606336
1310059
588707
1772779
1392319
18962
977837
965889
1607504
157146
107891
1248609
510443
645468
1232131
1119814
421138
290059
982052
56489
793434
703107
95271
293074
1087635
1214466
1038686
1233825
1665551
1056187
1311713
1766539
1020179
123996
815189
65128
91487
969052
588392
964555
1127366
1157784
873533
1385966
430042
563672
681964
1132106
251687
1370509
872376
79279
167659
1631595
1495038
262244
727032
1519285
1555331
1013691
425884
373258
1186199
1596379
1574679
1720721
556624
1266462
1631276
1412701
269451
1328939
820432
398695
1586241
334364
520666
1623655
884422
1482967
931931
1294223
436737
1232803
950444
1145430
603755
1209997
1380974
1015223
964394
798066
1763036
87949
693700
1603811
13345
1063327
1007857
440136
911126
775215
116717
961076
1534826
1651114
1593899
730667
350209
439566
910737
736349
974329
775467
580249
1152331
1221535
1688195
647320
1747934
1773081
1459241
914198
1790127
351532
1408823
1584573
764449
1653717
1227987
1197082
1402784
1168529
992640
1449295
505259
1241886
1475701
210872
1788749
738769
1297658
1614540
812717
934404
49321
465023
1504133
1378533
1714383
1125024
305756
1157353
1054441
1342117
1214299
1561032
252066
1085705
363605
1207624
1129128
845175
737431
557936
1347332
1388113
727168
1763521
848233
661020
556885
500376
663820
370550
310353
595699
410283
402155
1360643
1098574
1482883
558301
1092145
249611
688555
853193
950104
543750
885458
517838
547207
325020
1199076
1349073
22198
437388
1250617
1668227
1527286
415405
1172500
954855
673121
302486
641895
1460223
501710
1356377
129274
168749
325411
2647
1661167
294964
1646852
1352683
1463572
676133
598233
362396
316929
1368461
1713864
756890
780938
552981
366312
504701
667567
1570764
1636262
569922
1116025
968116
599638
1417560
904656
1296041
156726
994856
408546
197384
1518422
460318
989199
1034455
576866
226391
1474420
1456477
1065764
280797
1362588
332169
1582652
856702
1257592
1753684
163194
311259
142832
1666206
969277
1204582
203003
1255045
1131551
546316
659078
1241739
503584
1471739
1248158
1768349
1710432
775000
1277779
800655
187028
7538
828510
622636
1491938
595411
1776141
1305033
240670
173026
665466
11031
72004
1713948
896857
1192228
1339990
1191901
1334150
172553
620061
953424
549522
1075172
1005361
1213328
521517
933006
1261700
339068
1168146
992517
32614
157297
246246
577345
255535
310168
1203648
671233
841086
1421031
1287560
55077
604951
64534
732193
61176
219993
194706
649424
796359
1603509
1706268
1707671
1618158
2979
1181348
1330751
630501
1317159
1278387
1237258
226751
872864
545400
450093
674376
940783
1600707
1233590
70127
1044322
519856
1763358
547938
1772832
275966
1077496
1030867
1483752
815844
327091
569901
1494689
1447800
780899
1528764
732134
243786
1760201
948227
96261
18029
544724
33743
19561
766700
1300307
934895
1083147
1759419
1147042
1280737
183667
353476
1691549
1124140
1528974
310763
1762713
726017
15800
765353
372603
1521227
379904
1073910
1554090
791049
626455
211213
194118
922912
392422
152604
688335
567118
305489
1682628
1076732
988709
292032
1768757
483300
414050
1078485
915322
419754
725184
1347723
1678562
1168908
1491072
1102195
959405
1369129
672169
195398
632912
871084
213806
888435
326594
384897
105108
932543
416789
953507
211094
216596
159458
238886
960675
928834
929678
1392873
761206
370008
657653
293240
625217
611376
1535187
1371342
877098
1607158
826094
1645161
1212519
1182064
76105
985050
343959
1657059
110201
159119
241242
739925
108212
1379299
285719
365379
1441059
80124
1090930
1611930
1264983
732447
280472
1716262
730545
530891
1335427
607065
1701545
382645
196562
1140583
1564974
1655134
1407656
1645780
538477
1401225
1118933
677328
783869
51493
254189
119175
952149
1183674
881498
297306
82196
935252
1647174
1401910
353195
1747565
709211
1411263
318189
1031758
1055609
1621303
581553
1638770
1615396
541439
978626
1350712
403643
1649789
1104681
97682
1313380
1044316
446943
1003455
1384585
513025
13460
1156000
709248
875069
186459
568898
1780513
530242
665939
1007884
988340
1154731
109980
36488
1703941
71529
569995
103301
929949
1027515
291627
392328
206899
1561930
387359
537767
1218640
127679
1571455
1782743
1622487
310657
739487
1177461
102483
837056
673560
1347091
212028
1007976
59773
1782264
740876
1317772
442786
1401774
908528
334558
1284326
1631565
667379
636827
330314
123488
1456484
1436622
1587219
954199
1091438
1044001
1193242
466310
1282958
445239
685821
82914
1401047
88317
220476
1619533
303534
283570
59094
50856
289884
1606783
893359
819567
176856
763102
302062
925150
1678888
47630
327048
1095228
1048911
917082
412408
1723067
154679
1351428
513915
602421
150765
1461438
365043
1768880
971634
1106798
121984
736499
1336414
1466313
1514913
1627111
1295836
938971
1472706
1409062
529274
1444034
49383
1023710
1470332
1494076
1214576
965249
907166
269812
278796
1144055
579954
1295971
387976
557957
1088583
1184581
1371830
1789283
405832
52669
395546
641386
1147342
238880
1499639
832104
1440628
1043854
1600030
1463133
1374370
868952
889507
262083
919986
1428505
686210
1051896
758626
778254
357519
493853
1526047
435919
804422
1041667
92404
408731
1241874
1413858
1421252
1492658
225121
398265
376386
823899
765619
422712
919835
1493605
314310
865965
250292
347830
1483433
603262
1280020
456196
915584
846077
380689
28108
602292
858531
767303
1472036
35035
637051
974117
399942
1033463
1238762
273007
1194419
1360839
1603374
1038761
1417089
1050248
220840
1774462
1404087
1770248
1659910
108644
967892
349990
42935
1611774
1779732
1675263
180554
131485
1639784
1712735
13021
1110590
697565
743698
774879
49405
1553272
386177
550996
152943
41245
1001698
1293725
882942
1215800
1394862
960344
377411
1744080
1502920
814398
1465392
189598
715445
816003
287422
1175851
1014021
1775014
220523
852947
726614
1077041
528184
1218161
590616
726348
1313690
1598118
125628
178191
699429
438459
598210
792486
486632
1037347
1298968
1387722
856269
859830
1252482
704253
1684523
641
101764
907797
1279403
582937
638682
1618112
1455671
617037
433594
201236
1065522
1395586
1257126
511704
1048190
1546224
702342
928298
1693801
434251
801148
469306
1418805
1357726
989515
1780167
1274952
715868
389049
67595
1052044
1094229
1443299
748133
1619026
1579931
781471
1062426
1413843
405333
1504027
724412
263834
1142702
364393
621322
1565345
921646
720181
713732
1149114
1528322
1176842
1153692
1273139
727480
1781540
1730679
1296149
1241523
1484057
1634796
223112
893191
1156949
1115041
1317448
1688687
1029795
36496
587377
1448194
1203045
1394585
399046
497706
1747014
152430
1275706
1167496
772505
190367
265530
305794
1264879
1441932
785006
1164885
1009495
1031088
137610
206294
263136
373342
709339
601543
840456
179849
1723766
837260
1309543
216919
191331
493297
1431265
643410
1121774
807525
491336
724651
1158161
1657221
1778180
372497
1212518
708998
91358
117406
481261
367966
768265
59035
1781253
1269078
46787
1717464
433196
631146
1737828
424263
397931
936636
332174
179879
1611659
1247266
373073
1086028
863043
439318
1528398
1106741
526137
412753
1407000
226157
886055
1223400
1217981
1582904
1708026
155385
1148909
360832
1643590
922632
860006
549633
487472
903173
1608530
218551
922432
823509
76557
94198
247006
965837
1649893
682742
552143
684911
1760041
322481
233829
224074
550422
956913
920494
813698
184245
1340843
1485022
855623
1778702
640251
1636126
552216
301001
1470843
159508
332705
615748
651949
375042
1159219
1656298
1500863
1620766
985486
383323
842333
1504893
142505
184296
649582
901548
1328642
1239575
1306943
136149
1550449
767448
353778
1370585
1683456
700329
50213
899413
748612
757501
1320745
762579
1657885
1305680
1160236
938540
671957
1363379
935259
1254874
1045201
488316
1230816
1441585
947650
236298
285060
29692
1366351
1020711
1107624
1502226
19556
778676
1192597
668120
959396
961360
1325907
465460
907842
73126
1226892
835159
134707
1239805
1748654
197275
1292331
446653
751671
1601475
1301267
1156131
1635904
790821
29935
307386
1775822
353455
1332327
779999
734003
504556
786997
1700319
593262
153550
1456657
1525448
739543
774880
260349
609806
1060974
1688417
1355180
473590
820269
1523193
227063
1735834
893484
1159519
468834
567858
826205
1479420
1748111
587453
634329
1533241
128172
1715581
665494
136549
1381315
859452
1022828
1076394
766383
1431200
1674766
1001481
1530220
1248725
235017
86939
1725875
29581
