571196
1157784
1493535
1635904
1191901
867431
26077
365756
247006
793434
1706096
1787338
1266585
159492
1188046
480106
1261939
992830
726017
1600707
314253
1662012
662097
1676101
1192228
1673205
748083
902932
825602
1178786
1140172
1541159
1193295
157854
1059339
1322399
449636
345119
985486
1368461
1280391
125654
883617
557936
305318
996325
469306
1134612
888435
537359
1203392
806342
1575313
908281
845937
73209
1279403
1741568
1167661
1197374
1355180
1530749
1310062
157038
1283071
691521
502711
877484
1657152
1601457
1005361
658386
586862
605112
392328
1349685
4242
253636
855623
936172
305489
608952
525003
642466
1315804
1489393
69444
1085486
873323
1219500
1087386
1031901
1312959
1387619
330731
426544
10133
736499
896857
455824
1443299
1054441
430042
569901
685720
141664
730728
576348
1176426
239631
1152777
609806
1670717
760558
1746646
1264879
465778
721198
1362293
505886
1038686
435919
1224298
1023619
325411
841639
218551
202420
114230
1412032
1279464
1281858
1412563
1569073
51061
908461
1097773
262876
1222829
662623
234513
1044322
265530
1705388
1511714
485900
242397
1286542
1023406
789194
744257
1176075
134707
704281
1273819
1149114
740876
1298968
607065
262244
65128
474560
1418895
1323410
1101206
929012
1496917
573315
92404
1637576
536562
41922
365379
781471
1092145
43317
852659
1342117
639161
414355
1149
262869
1662676
1752272
367595
117689
135297
940783
1082383
418109
205736
533354
582937
1033153
720306
5988
1127320
982052
1298668
610212
906897
1622679
352138
1045745
1570764
1546586
1154576
1768292
493996
219993
493526
778254
1056187
770600
373073
73561
796749
1090757
1533864
409826
603262
557392
1776023
303534
50856
752988
434207
617583
1374870
1778702
10744
1533834
1612850
637459
1448194
678254
349534
1529853
1059364
602292
269249
1122670
988227
1476059
1725903
1546872
1488145
1225946
363682
732453
217791
1788534
25227
32857
1793743
435215
294964
57552
1319105
1658805
425884
1286914
452598
593262
893359
1347183
1277803
754035
588349
1610873
1420734
49594
1077462
28108
801406
61176
736553
1098122
1579568
1713158
579818
1066875
890739
1415172
337476
374236
918169
1629718
1754102
1786607
511443
1444034
1508404
1572172
788915
949666
1228036
842754
1209997
1756396
399942
441678
247344
1456484
954550
1381315
651949
869901
1128733
293765
861556
845175
304679
614725
1246477
1189371
280795
1675671
1127103
261515
1518676
1530165
786223
173472
406470
173830
1641899
166810
699429
882716
262083
899737
1480212
894628
61433
285615
965249
837822
187028
1147196
1475796
55973
1259785
1189729
1514913
900784
968498
1201041
1074346
891581
1146816
1713948
1231636
269812
72472
1039317
139155
1043364
907528
278247
202931
1181096
903645
709218
933836
1412607
883593
714038
270258
293074
881498
1274952
1367388
947709
72412
607439
1459622
1685751
1548483
889438
720388
1266810
896098
370550
1616696
734211
1020338
1747565
680295
1317772
910737
1653717
1379562
1395451
765353
1696668
896423
912682
69637
106107
796040
1282958
516130
1569219
697249
997647
1025285
1372010
1774584
901811
814398
262209
1084630
386177
1615396
646340
390075
64534
175534
542536
57940
804423
615170
1494244
127110
1289663
636827
559858
907842
261356
1295836
1679588
650636
905657
1535314
517838
748133
1014708
107693
1740344
1511629
195987
1293725
826205
269888
1502226
329703
871435
1613032
1492658
657637
1106355
1037347
1455671
107214
357852
1287131
305211
1563172
1571455
610236
1217726
648071
924084
1077264
589359
248994
1491072
529441
1292977
1475413
547102
1473819
900088
1209359
1583537
551474
742151
465460
1443557
446943
61902
171825
1679950
402480
1008932
99195
1362588
106355
697565
431373
273007
553500
3567
607058
573291
7107
220840
377746
487472
778614
1425228
1611777
798066
1044358
879399
1418805
233829
1494689
1282418
1551472
1305447
625789
590615
866075
933053
1657059
1167496
204342
1337577
947683
1220955
1334341
1339192
1340648
726600
314595
513915
554071
1461
1451253
9116
1619026
283903
506267
344504
1028996
607276
1642379
184780
109190
1760041
937152
437978
863043
1402044
398453
858365
90233
1573552
55188
126741
570091
1234138
385688
481695
963889
110524
1523136
159113
1104051
359698
1688015
11074
1199076
1034455
100571
44202
1694568
1715416
1759875
1255045
1679473
533161
1208448
108644
300131
1571298
303074
360832
1041879
771876
23924
1450883
860011
893782
138423
10037
173257
555894
880354
1788709
619210
580249
184296
330314
1548287
528184
27391
335401
248769
167659
1015988
134
794392
906394
820205
105950
1697455
51493
1221535
783869
245619
1690796
179389
1350312
574624
1592725
929949
191545
447709
1194893
1266260
1357062
359382
1115041
32915
419216
1671283
62205
837383
396749
884641
538477
981490
1263085
1139245
858531
1670428
95271
1353750
333524
851372
1285534
223626
883732
1016213
1473932
602421
1297658
667379
706050
55205
43635
1574642
1231494
1021149
47450
753136
1280020
1601684
197821
220476
782475
837165
24577
736349
1118933
1097134
604951
1574621
771847
863235
637566
1044001
1261307
1125967
815821
1477388
1182204
197051
448321
1744080
974329
659845
157297
457140
991982
1109439
1192011
972829
1015223
96411
1142702
137419
539552
73283
1016800
1090
1189577
1701642
847745
989114
1106277
816003
1287641
1685323
1584491
1194341
82553
1579800
18962
992517
29806
94984
248438
375042
1009167
1316918
1381418
750844
600166
968116
1526047
1112226
49321
1634796
987405
1308404
322303
1486388
1231829
447792
1053911
484524
393414
1428913
383733
1415157
263834
933786
1325998
1525065
1046112
1095881
82090
1443351
914198
1147721
1623876
1285050
1393032
1661373
1079995
1642718
250872
435204
557957
874072
519856
488742
1228737
131485
1712735
302062
1352683
1165340
1000285
1232132
273269
1546974
430515
1443653
426530
820099
570333
493934
1735454
357414
1725875
775325
908528
1688195
922632
1662935
1723766
1037739
1762332
150765
979792
141771
1251121
1330157
920544
1660348
1284326
641386
1638770
989515
1170353
950444
215935
204186
650739
751907
1093963
1666165
1774440
1317448
582216
649023
1646834
1688417
446831
313202
1606350
313832
711138
630042
333907
1369129
1006099
1062426
1639784
496265
1004245
632194
1613544
790821
340424
1675719
888380
737431
415405
1462393
1512167
1018027
1194722
567858
1615184
1156949
784441
1171091
1572186
1347368
1384162
721770
1169159
497590
547868
107891
730545
1092211
1780250
651413
543974
177400
956740
156728
1205822
1309646
806065
176646
568532
363725
1614540
1042272
1334786
1360643
835944
1693801
1293889
1033717
65640
487071
1565345
146905
641400
846066
819567
872864
216919
1228264
355519
1426800
1458949
1057137
42481
908653
438447
231604
1545490
334011
393748
1751510
1684404
1154893
1367711
667068
1007976
238886
1357435
384439
339296
395546
310814
320475
305756
1763521
828019
315711
954199
561384
786922
16665
146557
848380
244151
1141933
595411
856678
1497063
730440
217512
395613
487712
860243
1391774
1249954
1160758
1575709
145315
79767
1736355
1128652
1005119
88317
1397718
1056249
963684
1423032
1373628
92654
1746182
1547062
575876
815225
1067114
341109
1494868
1584573
1013067
86939
716415
1242074
1211271
537767
963180
57657
1620073
83753
499206
438156
1757799
101677
1402423
49383
310763
634268
1325393
1603509
1238339
1582963
730667
1474073
122912
1350712
1471610
1441610
922462
1608156
383323
141317
41932
1489910
413830
644677
826094
978696
816785
1167414
644268
922912
680505
375787
14559
143728
466310
36488
1484066
1305914
1393797
1713864
699716
532386
17076
1057103
115596
1540030
1737411
774880
960675
957444
1007857
1302355
13345
491336
1685510
580929
1532134
1418421
1756937
201236
56341
581553
1431289
1190019
1741881
1158866
632984
1121774
220812
206299
1028285
312433
969727
608934
1152432
480801
106647
472939
339857
941859
310650
552143
1546604
723834
213806
1052273
1140583
1784609
713751
1396449
285602
907201
1022220
1098066
588591
391825
1003183
591434
195398
764633
1036283
644545
1472528
750832
837642
291627
1005933
1631565
1426430
903173
1492766
1754631
325416
971415
465698
840456
1764325
1775737
3253
1031758
1078733
1409062
949575
1600113
1427590
1379041
347609
669153
400588
50224
1720721
1224782
1694779
716084
1460013
351532
1629483
605811
1216570
1046710
212683
1743883
1685147
913117
514421
775038
1436878
1306188
1244731
212713
873084
1275337
120528
1069875
1639539
772505
702342
1308815
319113
524184
637386
412408
1126099
497681
416789
1517662
193589
889208
915322
1607504
933415
1591242
399046
859208
1561032
1443230
1476225
140677
511742
366312
755533
163925
1056139
1382253
1551826
373704
1001751
1255161
366288
925150
568215
1311713
988967
353195
1088583
1014615
1440628
1666206
1311791
209221
875233
317829
1147825
1495038
357327
1636126
1452407
1233590
1229111
1304420
186459
1677765
53089
618306
802532
1060961
952859
1336414
570511
1278351
650440
992975
1173333
1553425
1608518
626358
972200
651865
1780513
39289
958018
365758
1363600
1634711
1402654
675602
556476
767642
668057
813367
1439876
991566
552216
680503
294114
1490900
91487
908123
1715690
1248609
375961
1445268
690595
934895
767839
94299
1531320
1189517
1659592
545115
350449
466820
723206
1344649
245155
206294
1767523
89501
972885
1008379
961869
392470
842353
846959
1739855
920082
1783441
1127366
972262
493753
251583
416906
37167
679203
1469018
23736
17747
376388
1065756
856702
1400571
239539
1241739
1099976
429830
1008318
987943
595364
1315976
601543
1014492
1166709
414050
1108058
1483433
1059756
1299950
1582946
820269
16861
1265028
1381545
1077112
1656298
446810
620061
110201
647645
1122358
398262
1647111
462974
649424
687759
1345340
1045739
693700
983528
185979
267165
1737828
1767246
942229
1618795
135063
1546993
1623423
63485
334364
404126
1237258
909536
1781540
476075
129318
381930
161698
473566
1635876
950327
917513
1360683
1113764
1342534
1245366
459781
94665
543727
848045
219288
20950
165720
131501
1001131
1682320
947932
1136421
1780216
1763746
146135
907797
1678562
434675
1267901
73182
1586899
57439
579502
1617643
76105
1317253
1018556
1446351
780600
1397946
594917
685821
241042
1489506
820465
1275799
1701545
1194869
1007195
394896
168082
563135
752663
713732
356355
992913
365043
679969
492899
607201
991891
206899
254189
1656386
877575
1522554
1134983
1550928
292241
1535640
1476876
967231
1178746
730840
92383
70127
953424
1271261
461329
953507
1688190
176236
1205810
1158161
1069272
1561930
1139398
1428069
1526941
265014
657653
645094
751671
1314369
1702897
579954
811093
1156000
162792
1013691
758626
289654
796117
605130
1212933
209361
1098703
310363
1355036
1020976
1538502
1289033
451132
813867
1355828
1197082
1384906
671957
7538
1326028
1243193
1247214
733584
811894
756645
988224
1649893
837260
595663
1154374
947999
210602
1482967
49405
332850
688335
318189
1724275
1358274
955805
1262360
701475
203330
950675
1221040
704253
1636695
1378916
1121906
673316
1253604
1107676
344047
486574
123504
989199
1290139
903490
1379406
1155570
1357431
1310078
1050248
346583
1083365
612352
1251204
760331
146409
1363996
468901
1719822
1248203
1194735
1480476
112856
1466062
1670695
1535187
1645161
1729213
1582145
673585
1242019
443904
1692066
1021656
1494076
340883
1232131
1684523
624132
305794
705179
965889
332444
868386
137079
1641924
1507317
693597
1330485
530891
1706648
846077
1001481
38679
1749056
789356
1571458
834948
1491391
103301
1065522
1347332
671409
1540734
1772779
1104216
1612803
1091978
1433112
716760
482667
1748654
285742
1193590
570993
755460
714810
929424
417955
1409176
1700319
1594269
1536562
100152
505818
353778
1093849
572691
157331
94198
1274441
33145
300046
1466313
500695
501710
1732951
1612859
1385966
891367
884422
1325907
1715025
602107
3183
165463
402155
1569083
1778941
816400
1135417
1442141
1200723
915852
1700481
1780424
1334093
622450
1676967
1230816
500577
598001
536456
904544
984526
134044
1776141
260701
69767
1520030
638682
1164715
1145316
232459
1075138
403898
1269381
736174
1309228
964468
1328588
1073121
692669
1450493
438680
248984
19556
1530213
1551030
23122
1530220
473060
695687
758484
726614
1685640
1387484
1135469
1264070
1454764
1176541
1206391
269451
961717
842486
916349
1420687
212028
300183
409961
1701725
445239
1556513
1287560
1124140
194932
411067
153550
934211
403643
180895
20588
1120260
823780
1044227
1689313
969520
1010643
918675
1281497
397931
354676
437388
709248
218181
695199
1625791
328151
1410203
1102299
1198904
660016
836266
1568430
1689326
876604
1194419
67680
149660
1338441
465023
598233
304308
1777399
1620234
1472036
1494830
853357
1777430
681964
81409
230510
108941
1668227
265943
1659608
1298390
919774
653992
882758
355212
631146
603527
1329126
877918
764985
1579389
1494958
1651198
552981
264233
1484384
59094
1531493
509364
950482
108426
530427
1685502
1161471
332287
1371342
1684586
1535975
89638
1370509
1476949
1710976
862540
1311706
388107
1570047
1000189
549633
1117994
23627
248303
217707
378318
1244263
966454
1575692
507951
574886
765619
329386
818178
1209963
158989
747848
294453
924451
1333251
480823
953515
588514
1690496
491595
606336
963279
1323645
222862
571560
1716262
1144887
626876
1707210
779002
1028514
1770771
1030369
1300030
1746292
597439
1310434
1682628
1549516
224983
512988
233936
8677
1030578
764242
1567096
742743
317197
538944
863694
336108
1704947
1731805
785321
1138148
373258
982334
1655508
107892
1328088
1614575
630501
786177
1555844
1710279
12392
1625180
1557319
863935
379904
539636
1239575
241242
362094
1430585
241230
256523
1178353
937402
801623
1690715
1623655
598210
1345338
1643590
1275539
405832
340165
685531
1253986
780846
176544
429699
714994
422116
1634021
205721
880794
82914
1774462
325020
339392
1344251
1713139
397044
989210
647320
774879
1262197
1053738
842358
1456018
1741139
815844
726348
489604
1733839
35040
1073375
1097894
310409
930612
1657885
739543
466668
925923
1261159
159508
851577
305514
37126
1665551
1707163
763501
1238824
579860
314507
219910
1683718
871462
928298
808497
891255
332169
440136
225891
711390
533844
872376
142213
19561
865244
173046
285719
1007345
961360
911126
1683456
898856
1214299
1154731
1302071
1707671
1345590
715445
1307727
1788331
1551445
476421
1537035
912158
422981
293070
37773
1782743
469086
575958
747773
545413
307386
1243137
1792154
1060974
276393
1420808
662003
620082
890483
603755
36347
407228
409946
950889
946956
825940
121984
824502
1471667
255535
914147
335528
732447
626708
789072
1359385
1272641
1218640
634329
1248158
378369
250024
794617
667038
392422
206133
775215
505315
1264983
293999
1077496
907561
1075172
1215662
124526
1137579
742568
632702
1202095
719794
989392
641
1666304
95950
420338
887303
719664
59773
266789
1079609
1758483
1073910
1715096
99330
743978
17270
350092
923485
637904
1351428
838500
152430
527635
793244
1078485
925520
757501
997198
506150
37824
1013743
231121
709339
779460
1447800
184775
350209
36496
77041
340767
1056461
1221012
1401047
1192381
1673443
330285
1328642
168749
1417560
568344
1194325
852947
1127011
1337981
250701
1128717
568698
493297
527421
1159219
280056
1753684
1177204
157146
392274
1389918
931091
1356663
280274
673121
1103369
73126
1512938
962954
1121438
1131866
1767796
1103096
1095228
926713
1295971
1688224
350892
676767
1594476
1299238
76557
1471458
1295679
872344
813698
1700620
761206
1246614
1025469
482668
1214262
712977
72689
409079
993199
826431
1736663
32656
507037
15800
320606
1132629
744184
37980
1347965
539265
1321011
374890
1309824
364063
367015
1450518
343959
1161118
1347091
1167826
301741
1352322
577050
452800
1627111
1357503
2647
682742
786997
1213328
1765667
1394188
1296041
812717
1618158
1752502
252787
988406
1411263
870604
236298
1574679
1791881
1157718
309649
1201620
168379
1374966
658554
298182
1205271
1388113
51628
1288428
252323
1572412
759491
940439
32614
1747108
766700
249611
1332720
1147342
447767
449436
1052044
1442851
317407
965837
1580367
1494205
877098
799431
862518
724628
962262
485337
1041741
1787929
1785907
194118
467951
124280
679848
190970
160899
1781715
1751127
963117
569995
452048
1727576
823108
1593744
462789
212010
1521227
1119880
268820
672421
544724
1154813
1038761
1330751
153785
1030088
359912
1292331
47630
443239
665939
1715874
501756
430444
251176
663820
1370941
625217
837634
463176
1480158
209951
1252058
1520996
1238762
1192084
1049136
965587
787899
1514476
976304
447775
1462224
101764
252512
1628866
1682714
1040181
1280737
872468
893307
408802
364811
1484354
1048911
1502920
1172692
1603968
1387722
929192
1463572
424947
1200207
1570143
1001698
1250617
858186
1779732
1621303
1529428
804422
738744
841086
903384
504698
921577
280470
625298
930607
1005638
387976
1558715
1280279
600990
1630749
1533241
1408823
1125510
1461438
1447583
921008
1474576
351697
70135
969976
1550449
649267
1055609
1608371
117383
1313832
582801
193932
1203648
1661556
1224848
630737
1210969
801046
1036294
1305033
950104
667567
1060801
1332972
1454454
678618
1640427
1419112
1100387
398695
34734
1709801
1288774
803391
1353307
426514
1282058
250847
1045645
717770
427773
334875
872967
766514
102797
347021
720668
766243
1318066
1641618
729353
1165385
1691549
677580
127679
817323
791796
1292544
1451477
1724822
1257592
1379581
1199552
1761340
1091438
1657280
626947
342563
1578848
280823
397520
196972
1149162
1697271
1059936
1574849
735934
751468
1617248
1175532
592840
550422
679311
1657221
776518
977837
575130
1441932
910372
376367
915395
486213
796359
477211
1052731
158049
904656
1008508
822007
1009115
131776
1441059
1326700
314310
425610
1544287
1291244
560881
1177761
497706
314904
1047159
974899
19189
1324178
1423709
691193
1391346
1547657
1207624
225121
944836
1702975
1603676
221417
869614
1080671
454777
1328998
41245
1403200
1418192
1661167
1472157
682455
1408713
512997
936636
927300
1045201
889452
1087091
545114
400170
1602623
1683872
1413858
606233
449119
350178
149634
802870
1288609
776071
1775014
1046469
1706268
1326361
1762713
875069
685943
497406
1446352
1375583
182840
123163
730094
243786
432791
865155
652122
1443433
960344
901548
705917
906422
503584
909427
27899
1261700
357049
1034364
1133072
1463732
1642361
1479051
1215800
564633
1389939
927385
1602062
791049
1268937
588707
493853
964394
1076732
1026467
124514
22198
1662174
1162894
1777639
672169
248301
510808
1160148
932119
917082
278796
1789283
977712
378197
332705
219954
1608530
1183893
61532
83627
1759928
580886
1091347
1644486
339920
1033463
1732216
972920
1640647
1234047
681364
598396
147655
112743
1372774
895204
478501
1326407
612238
1781253
764305
982516
1588246
271474
618043
1265055
67241
318472
1763358
1287047
741127
840117
635687
172553
270233
899244
372603
53417
1406402
1317302
214951
1018013
1218161
1566435
589334
128562
271291
1110590
376030
811817
1136249
922499
1763036
794481
1419057
1675664
1041591
1312122
1324720
429682
1080082
590430
51845
179849
1694387
599638
29581
1395996
1423939
352206
1693750
513263
1719968
174280
1520099
1239805
1129277
1719419
240880
683915
734003
1611774
1241874
1044589
892694
969431
1779220
293240
1564882
1666765
860006
1262569
226011
856269
700413
1727896
685479
1350896
133270
933006
1504133
1392319
1775974
79279
178510
256477
504006
1334150
1168146
1257126
1155813
223840
973418
1595007
1470843
35035
1016744
775467
1780167
520804
1597709
392827
1497635
590616
1079311
1094229
109939
98937
815189
1723121
724412
1483862
975071
1603912
89952
1212692
1254396
1535758
633965
408546
413054
1589276
1224265
1378533
1269078
1370585
700385
896248
1144055
1638462
1600030
1606783
1273137
1475701
1624997
296520
1183487
598820
456030
1079503
1627630
667007
429919
943766
910462
779778
137610
642628
684392
169678
1318217
767303
615748
937950
1273139
252635
107582
999718
502682
1582652
1631800
413590
306738
1050663
588477
1390342
1768525
1085756
1680640
944407
1252000
189598
1417595
1505490
1650563
1214466
1282554
1781009
993151
384897
256003
1214576
1421777
1014021
669473
1659237
283446
134343
928834
487958
807525
1071438
113858
1331511
1760201
589407
151003
628556
93061
1498903
16948
1220864
1359926
1056901
29286
743698
1463762
311259
1140703
298360
1104681
795671
297306
439168
567118
810762
610959
1282775
704629
18029
801148
778211
1300307
357360
564394
1423036
620730
470402
240670
350893
725871
1328939
993163
1769986
1157353
1732131
312245
1174647
1579931
38051
757822
1795190
1448529
233751
203003
594143
1766710
1511572
879743
186727
101711
1595379
1040832
530925
1735895
1067834
1495209
107414
1180038
4047
826259
1213687
474765
1010349
1759419
216596
380689
856258
1273361
1360047
565111
1558852
1017343
1111934
469367
1009495
426887
1407656
288670
275697
52669
406723
127982
1519285
621322
473590
105108
1708473
275495
724651
1347723
252867
1482928
884036
1013305
822686
1094731
1545336
774768
817917
2137
992589
1463546
1636262
152943
157670
584850
967892
1676881
1503884
1662376
388616
1731686
595598
518861
766383
592943
889090
641895
967445
300860
1081066
1479567
335543
351068
1147042
749418
279385
339068
242070
483300
349768
356751
1729007
380867
1350253
1616505
1130531
1790142
575738
1534826
1309160
1284895
1603374
596137
1748990
809938
1640617
851275
1138650
351922
1760490
535988
317697
597321
535837
815886
82659
1395642
421020
1506250
1667080
1449295
723609
1563135
1733416
1513779
589275
1153692
289259
1358136
1020711
1302870
1003455
1553057
903072
703824
215982
106218
665466
1548934
210872
1201856
1435715
1747934
1203116
853193
1193242
1597906
1142190
1493605
1145430
726679
238880
1185087
1729690
592156
931931
659078
1768349
1152807
1722936
1762310
636192
994856
1674494
1556446
880855
1667725
1252010
1320745
53662
354018
1432309
1785661
754495
698328
1678362
370008
1383721
919979
355997
1192597
1281751
72004
1504331
235424
1416351
1225994
1413843
1783742
857272
1258400
1235134
806528
1757535
1240125
429381
1418095
992640
1173409
682349
295074
440496
1384585
558301
142505
960716
1789674
595699
594910
1684258
1305680
531338
137488
221390
1162866
757760
1219469
846745
857847
999775
1429658
757121
449366
683799
1172302
438459
1610798
564524
1485022
868888
328315
1351139
41636
16330
1680462
1148909
807044
547938
504261
1243945
455192
591537
312970
391196
1509152
969052
150508
468834
1011526
290059
246246
1609130
938971
1338039
730593
1614584
993731
367704
1359302
891349
613301
254469
948227
136083
1168908
1260844
1371830
598892
666431
180554
1544916
1035357
617154
1632698
1484437
759485
764291
1734771
894501
435068
997206
716047
1566899
127908
800655
969277
97292
97682
1470332
1366193
653641
123488
1067705
286181
935259
1335651
1385313
974580
619641
1340843
1665540
1068721
1548538
640251
698078
123668
1706120
1377459
463109
912021
1252373
556624
1593899
36061
1032423
790100
387135
1079875
1358940
1284448
1497470
489803
197275
556133
66312
363605
326594
227570
1146017
867394
101042
834556
1329257
1130312
1758025
149167
328903
321559
205455
605929
462582
1427695
1691109
683686
1240375
178915
223112
526137
1059202
1768757
269266
245837
1366351
1051896
622696
142104
235322
1587583
728363
1000280
715868
59438
1252482
798615
1296393
564230
1176953
672360
624225
909222
1431200
902206
402327
67595
638336
40623
852336
807567
114035
1349073
1478058
896646
1775822
53729
159458
604578
398265
1480660
108028
1587438
218323
1656724
922513
959396
547412
284379
1484057
605184
376386
798050
1334500
1496007
251561
1753724
51515
485216
1638850
1634387
234279
59715
56489
134862
786862
832104
1242515
316929
1226427
1471037
131335
785006
1331014
743350
1544763
1607291
753514
283570
553930
1370280
588502
404406
550996
717099
535223
1041440
762579
956913
29356
1278387
587629
175273
915517
233995
123996
271640
457835
361376
152687
898229
923880
582831
1696361
553277
1131551
10222
1281047
595396
333196
1432830
1601475
489724
968681
708164
1276277
1197613
1136283
1615402
185908
1313690
869276
1661579
419754
784514
1659910
682952
1394652
445917
607212
1013441
727480
1207335
545108
890190
993138
831045
1493822
1504893
8387
1354632
789467
136549
721406
1141473
1549034
435924
1043854
1466120
279030
1554090
1179430
729867
13460
736406
310168
571846
628474
8996
1104855
843203
1788749
1552800
1772832
1404274
1548810
513025
985290
1619533
352469
436737
337764
4500
136149
1160172
756890
1586241
351631
937144
695824
1044316
781536
1528398
353476
1600872
1130251
1220122
1371103
1013400
50213
1585123
1224638
1456657
270326
870081
674478
781820
776353
410283
1305990
775000
1766079
313593
1149450
411197
1483017
706898
373342
1077443
705561
1293395
179879
1453549
720840
1541394
1119555
867002
618473
828510
867206
1128160
668120
799254
984622
1482334
1459241
1298488
488722
188163
1466581
660727
1578203
1457088
705201
1392471
217987
969789
1065578
1622487
442863
1516555
978626
1486638
152604
489343
204199
1688687
320756
1487027
1147114
422712
258518
1266462
1496320
576866
920247
168684
594367
642496
903268
1079750
382645
69994
1491246
1327428
1557967
1447662
934217
525385
1651787
529274
1611053
851953
821065
909936
1060427
159119
1612186
1241886
1257838
1408872
954855
1655134
385353
587453
282224
317989
1715581
1651467
1401774
11031
105874
1424761
334558
427044
1035006
1069388
397703
796896
203025
447503
1254874
1389758
1776930
292745
580705
409639
1470090
1401910
577728
436587
935252
1572474
1401745
1373865
428260
1602621
1018311
1702879
1022885
406562
1463133
1137909
673560
1678888
815772
861900
1357726
1315493
1450277
188910
1661826
1554562
1250310
1672779
1428165
1376952
179776
873402
1686951
720181
1030327
1339047
515097
60439
1116414
1256522
1139511
1316657
643317
1733949
146920
40296
1690125
698572
66992
1367103
386454
1159519
476613
686210
335666
282749
705172
893484
1717541
925404
1267010
1336001
1604909
1009026
1447000
1474420
893191
108622
714523
5378
1004315
412753
544944
1137921
882942
400364
1174417
374035
62907
1210943
1525448
885458
938540
492247
1587298
611376
711790
834899
1435213
1710432
1674766
844460
254088
195092
1302841
442172
950586
551154
555694
639756
456196
1522243
988340
92462
596312
1643162
702692
262917
390206
156726
55497
427909
746168
1098574
213919
1366298
34436
921646
1397888
485768
1374092
387359
770586
1753309
848233
1356884
186411
1130352
1540865
1795873
674109
1481000
1502406
187738
1374370
1133631
29935
803681
224376
42935
187047
1435760
488815
1162152
1483899
1087264
617600
593022
612082
1029795
372627
1190811
830715
407409
1613910
907166
974423
442786
39619
546018
626720
1138191
378196
265025
1327958
549799
762459
971300
155385
950447
1651114
891641
410602
1072836
732134
936308
1609408
589255
502783
1074996
947299
916488
430776
1284613
1729189
301674
1035054
948834
1574825
1299065
1007884
1377287
1508559
1603811
988709
1119203
1470409
1504249
842333
1753504
1442081
643602
335954
1637486
1551153
293807
1415777
1706980
805851
1535048
1528322
485228
1255736
1738270
833901
858236
1571001
947650
184245
353455
512973
523331
1119794
1430381
227063
1332689
1186749
453013
1132106
200436
1713286
530242
258251
872656
1421252
41735
1248725
1545815
1388118
1713682
1479895
125628
1085705
1479376
11290
1441315
62713
621888
1115194
676133
390606
1768880
1337021
612502
1385551
961874
1156131
1351672
36435
767778
843476
727032
252066
1129616
1078712
75899
1125024
684292
93347
998537
943696
1305728
208571
587501
460318
427730
1715146
102483
585226
1518100
974117
1525626
7629
485366
1497020
92435
1048190
1227010
114380
921996
809399
1392050
33121
1104994
1688279
594824
1091397
546133
1701199
1486434
519952
1247882
779999
329928
1736596
567868
1418757
953219
500376
667830
400058
1090930
1649789
1417089
1661499
1568262
1579246
1020179
791769
98434
901215
832741
1031088
1735834
1541231
1203045
708998
1116025
769243
1288694
13864
653678
1032149
276464
1762886
995831
1432255
260349
1470745
1097345
1524857
1601190
1413604
1618112
469646
1375565
487075
337653
1147546
1523193
1465392
1701304
1702247
978841
1409053
2968
889507
1100974
82196
547207
415641
1458689
441333
1396827
1313939
1390221
1235914
1619514
432350
295838
1356377
510138
1732213
959685
144662
1631276
1442336
1107624
1239603
1507081
703107
1275706
1046675
780938
1209408
1394862
652492
963531
178428
1106741
1491925
1542446
957346
1747014
994621
481261
1258312
211652
347830
770490
207553
467905
110134
463818
919986
906789
963242
1255248
54069
54680
206492
577345
1747207
1186570
1566225
1543864
961076
881423
204210
1233661
23926
1548266
1379299
1392873
962766
1044330
952149
504040
399290
910062
215605
1079946
1761236
457849
1333449
1647174
325654
227275
1349931
54246
1041858
262873
1073210
248682
532446
1202404
1654302
1024898
1675947
1363379
211094
1602465
1603462
1598118
322228
1453873
47121
844151
1353234
1168826
433594
710499
543750
1306943
1288266
886166
1106798
21670
287981
840392
1249187
405333
1479245
684911
1596379
1330454
372311
1541615
1123070
1226892
556885
1017669
517817
59035
1752461
1486327
232329
789866
2979
577412
929814
836793
845794
1607158
1158419
1346207
545400
816684
733014
1277779
713385
1663031
622636
900981
945431
710415
666291
669326
955159
1607226
407514
539835
1766086
735120
1703941
662903
1297155
1486769
1683662
1521136
718156
66804
1418671
768102
975007
557071
346106
1407213
265198
1417674
1027515
1479420
977063
103239
1610848
487063
988231
1751731
1070024
310657
1557846
1232803
422042
1611659
929131
1723067
1551108
1543617
1126650
224074
1714383
484157
1243554
865965
1663310
1023710
1373001
1139604
1441585
705568
469900
543363
4534
1299747
1169151
788587
1472706
947461
178191
1309543
1710691
46202
1544675
91358
1630889
761944
688555
1367622
1344680
322481
498402
727231
256131
1770248
602274
614973
196562
1631595
1756971
1487567
945912
136709
1553272
302486
1502821
600651
1513592
1197827
372497
1485488
904599
411859
254937
1342705
1005068
1585436
824154
1283136
1332327
1318019
980299
904939
251687
1265632
1504142
1083147
1104982
871084
975338
260081
1310059
1410937
1123081
1546224
1708026
19817
679603
1277576
391048
794664
813251
1192724
1114897
1773081
544527
18832
268585
129274
715473
1249968
1176220
1185432
964555
1157740
238322
1166972
596568
1300476
280797
1668672
1211000
384693
468304
1456775
1265755
559493
1245484
1593634
1200890
226391
1761175
287422
1132450
160685
80124
301965
920264
989366
220523
306095
1287787
768914
1732108
63942
1429625
833309
1063327
524746
1247266
359897
305637
1234947
360063
292032
183667
1294223
163220
738769
1477599
1466344
445116
840446
1360009
1428505
645468
552347
1479919
1198271
276640
1679191
849322
1089128
275378
248921
323833
914823
1766356
1789770
284045
1785535
1202350
1618955
852795
382070
1178012
382593
1248422
767289
1462464
393016
1137399
404145
1046362
1402506
787501
709024
191331
480771
1321028
1198096
1184454
1701024
1510717
419492
882140
889099
1495695
1624341
9316
152014
1748111
1692958
209231
1494202
195131
922432
510443
574344
488844
304494
395178
1197017
707454
263725
588392
433196
332174
966908
1036205
310353
1706353
1060017
316454
956627
1329098
1107685
707249
1226852
1222744
113901
801777
1525094
735501
1122668
783785
875738
1523715
766663
1459870
1523926
929261
1355785
374505
649582
403454
263136
1735433
1262859
1165526
464660
1126330
1300725
1666256
1298486
143652
115436
371073
1527286
1317159
365595
382548
55077
576431
975755
713101
484991
1448294
492879
1215571
1022828
1102457
414194
1122299
1499639
775291
1540872
331148
162897
1436622
1418252
1058775
1609083
367966
930935
1106046
1429818
768265
544766
1575779
183597
1698971
1107610
1226269
1740967
750914
1042625
727168
1457019
1445816
1645857
231359
1738313
99960
1176842
1372229
67224
1345788
851287
1168529
910917
854539
198264
392552
348848
70146
707156
1691901
110781
475572
716169
1650508
260065
1564974
1060990
179537
38075
1353886
1129128
439566
1248381
117406
1581312
447418
200124
238835
1421031
1413426
417293
725184
764131
591092
850551
1520244
853486
1233825
161648
677328
1230765
320297
1126938
1386977
1327821
1733870
1442660
1227987
285060
630613
405640
349990
1626315
519386
1117827
96538
96261
1295659
1038071
876443
1710254
1787869
1312005
1597967
542553
406418
518074
820432
1718821
270968
93543
282414
1646852
1182064
1640132
1091434
1695543
230808
536514
679778
198979
1167257
479916
1249984
1627852
1397984
860492
82105
1561545
1340642
1632538
16578
714362
1156364
1695194
469748
1424721
119175
421138
780188
1695710
211306
985488
674870
377411
1031505
585295
956552
1063817
1506516
1193101
521517
429710
336503
411414
767448
1660312
1755320
1775839
1080161
1782497
970316
46787
1518422
1611930
1347944
197384
919835
1082755
312249
44378
1714810
197238
1350010
1113336
192373
975914
1000495
1335427
419953
859785
1734941
1504116
992860
1739983
1267586
1727998
26451
976366
861383
1395586
309413
95710
1026300
1514334
1177461
1458745
116717
1087635
1539360
1105527
912976
1307205
681892
710722
338367
995894
1275899
1765873
732193
1732609
554083
1575423
181563
1727924
148049
1393924
1009008
1681786
1736278
657950
84002
883379
1675263
620725
1172500
1672061
1082461
87949
1360925
988764
207081
1295966
554985
154679
1766539
1131549
877163
587377
1615782
1237918
1670
568898
390633
301107
477812
1593307
192569
1278092
1587219
1462764
1716049
917947
977120
1528816
1081516
56036
637051
748612
679919
883353
1310591
1348479
859830
451367
1772231
1096098
835159
1778180
275966
311046
1130697
1582767
1158388
993898
179816
319318
615316
43655
270648
795470
1528974
1321837
1363108
294321
1615319
1213811
1339990
1523834
136866
1622475
289884
1730679
1232371
1151340
1500863
632912
1431265
1239927
1012640
1562398
1400105
1513790
1063730
1141754
1753414
546316
1645780
1414623
1351113
1631858
497051
874720
1075342
1648713
64939
1248460
1684974
815468
66311
1585982
595164
739925
617037
420059
1723390
1581309
1404087
618279
873533
1123875
1753035
1229753
383598
905955
35582
895325
1035444
1041667
1183674
283285
26679
823345
1258631
1380379
1380719
450093
1324260
678887
1416196
1152331
1332280
252166
1588671
1620766
1360839
1380974
1679450
696571
402147
127795
617301
31784
946473
1441341
301001
1603881
368370
709211
1349080
681494
861185
459943
699915
1710956
1521788
316263
789230
1718269
626455
1340470
374609
1782264
989529
1751602
1135662
1592281
776677
1579871
268794
778676
69092
699137
1626817
327091
1372919
656288
1338122
1076529
1015108
1699652
1762613
1483752
159291
74321
1204243
1402350
665494
71529
1263251
619153
388431
370643
1243384
1732312
773659
211295
1658186
687622
104454
543808
1059833
249002
1362811
685975
226751
894402
1174439
387920
1210015
836673
1258723
74974
752562
246536
1774554
1661690
1004859
1582857
1736310
1217232
1649255
1604205
1065764
441896
446653
907980
29692
440004
1205533
158546
1212518
1694540
109769
1697174
128172
1003396
516131
1236824
527560
505904
651529
84028
1602453
1684745
488316
257165
1044884
1462294
856054
59230
1759222
1599119
943142
1139913
1310993
1094915
1460223
357519
575104
194706
657443
908573
1393544
809021
806835
1241523
170991
489729
898380
355702
932543
92746
959405
1290038
1108639
51328
1394585
661020
1281531
1606957
643410
1528764
764449
305800
4685
544570
614884
823899
203642
654679
1207995
694402
756272
763102
922322
1389899
542617
1401225
1160236
562355
1011715
162820
519099
444904
745447
1469659
524183
1759719
1016073
13021
190367
1472944
468253
1086028
1423766
549125
1533586
965052
851018
184184
853064
1008929
503300
929678
549522
865595
355412
560098
904009
1545747
1295447
212583
1549801
994448
908868
564545
218274
1161768
1771957
1175593
1429911
39753
799558
165212
1186199
408983
1223400
461688
997678
142832
1019866
281729
683959
1790089
454866
101820
458933
1790127
1592619
1778906
34321
725402
1671731
250292
280472
445449
1440863
899413
1592545
939015
176856
1443267
945815
1069876
1766280
985787
1218123
1484967
1454056
389049
617117
281721
1630629
1491938
789574
362396
1658319
884828
348043
1744020
600708
1513384
868952
1388561
1412216
425651
1195019
793613
1511096
50188
1640143
739487
504701
517011
953087
596861
1375979
33743
818266
625273
1085933
1092617
1471739
571669
1595328
291897
895751
186372
107733
970096
246955
837056
1249429
1259518
173595
144985
676124
1715623
1063949
342834
985050
1407000
1611224
1426555
650011
450676
1485238
646823
109980
288835
1184581
1303527
1588438
1313380
1671255
1456477
336540
256324
1690590
941831
353719
439318
1346206
312064
64523
1164885
1076394
1070140
770267
864878
1705888
122003
828711
546141
782177
1777290
624306
1071040
1496029
957527
1404627
1490382
450203
226157
486632
700329
327048
227152
780730
1440670
1301267
1418560
1017341
1663263
1691054
1260739
1383513
1069095
785732
914248
258138
271185
1119814
663793
1394329
1598993
471366
1203009
511704
1706477
157882
149769
822873
258164
260881
978527
1246570
852742
175739
163194
709304
107538
584578
920494
1077041
995738
685283
17594
1330184
434251
60565
939227
1547035
1585085
173026
783938
139776
1550564
170351
313470
1344837
1099774
467278
162202
108212
287527
1626478
1422689
237754
520666
1175851
64366
1715917
935288
72357
859452
563672
1351622
1569342
919240
140366
1181348
1592164
541439
780899
647976
848322
792486
90372
1674907
1402784
1168329
1204582
1132378
320007
1179037
418935
940086
579000
791617
552357
437934
1030867
865630
332090
1482883
802183
111359
1343716
663376
571815
1461801
1717464
1332283
1659567
364393
612599
181112
424794
547513
1155141
674376
1050522
1522723
979588
1412701
399741
1429627
941597
1555331
1117434
577882
771894
659706
146117
656965
997349
825875
1234823
567650
317790
671233
33838
469805
671601
1025172
1318438
428379
1730055
449435
815181
211213
971634
934404
1183134
504556
823509
1296149
812534
1043286
1051486
1217981
1097309
886055
1104247
266799
915584
1675709
729413
168176
419364
197041
424263
971985
1504027
632607
505259
125200
1081601
600993
1527893
695070
577851
1582904
1697273
640959
1102195
1283708
35302
622956
235017
1757431
1512810
553635
1205590
1742039
1193891
1212519
289199
408731
790919
1706677
189160
1003601
569922
1471158
1246350
