146409
19561
676124
1595379
1290038
598001
922499
14559
571669
1041591
1659910
256131
181112
556885
1530213
789230
848322
727231
89952
1139913
1781009
492247
1332972
1255736
329386
1344251
663376
896098
744257
850551
497590
989392
966908
752988
690595
613301
300860
1660312
814398
1456775
1493822
1496007
131501
752663
499206
510808
1076732
1082461
588349
826094
912021
736349
851018
1661690
1569219
933786
1309543
1419112
943696
552216
719794
992830
179537
1020179
510443
1457088
1780513
888380
1052044
1119794
682742
230808
1582946
1269381
1640427
1257838
657653
133270
107891
974117
969431
974329
1461438
1104994
444904
1190019
588502
217707
107414
26451
10744
1479567
563135
1627111
869614
106355
1789674
817323
306738
62907
462789
1585085
353719
595699
337653
1616696
1116414
1046469
876604
780846
1409176
946956
1671731
903490
1593634
554985
449179
1278387
392552
843203
1588438
1666206
917947
1606350
1011715
266799
1144887
1483899
782177
1616505
355212
547207
1441585
1255045
1160172
1485022
904656
709024
1298486
56341
894402
94299
1349931
1022220
321559
539835
1172692
213806
395613
1136421
589275
1036205
290059
92746
439566
1439876
419953
693700
807044
1342534
1763036
262917
873402
1147342
882758
674478
1635904
989529
1706120
1441341
1733416
1600707
1715690
402327
319113
1393797
1761340
579000
861900
542536
1680462
320756
1551472
1436622
1702975
69767
730440
1401225
746168
708998
1317772
594824
649267
624225
144985
7107
96538
485216
49594
710415
144662
594367
741127
1233825
887303
1214466
1626817
641895
575876
1671255
252166
1013743
1324720
195987
447792
1589276
1700319
1772231
21670
861383
404126
612238
1644486
766514
284379
55973
1003601
457835
544944
1780216
1085486
212028
1152807
1272641
1194735
1440628
708164
872468
872656
1310591
373342
310168
846066
899737
1757431
608952
1647174
527421
1031505
904939
1189729
1752461
135063
1097894
626455
1494076
763102
1482928
51493
949575
720306
1694387
1057137
1603912
1214576
606233
697249
1198096
1100387
543974
141771
1326500
312245
916349
1587438
1374966
1193101
714362
1635876
1675719
989210
447709
695687
76105
1419057
822686
134
458933
1502226
726679
293807
963117
1210943
306095
1618955
937152
988227
1005068
131335
366288
783869
1319105
200436
556624
160685
1069876
1077443
1298968
1459870
518074
305489
1657221
420338
497706
1621303
93347
1056139
978841
1713139
163925
1288694
1045739
929131
1158388
617600
92383
66312
302062
328151
1130352
668057
677328
1239927
1656298
261515
886055
1580367
496265
1392050
1248203
1268937
1175532
535837
343959
1594476
1360009
1478058
1249187
927300
1023406
1762310
1043286
1429625
1193891
600990
1420734
192569
892694
717099
140677
699137
550422
1394188
1691901
835159
1572186
1273137
760558
1471667
430444
1329098
1593899
1240375
1134983
895751
518861
1183674
872864
1377459
1672061
789866
646340
1392873
1570047
702692
957444
570091
1265755
168176
1759719
1350712
1277803
537767
923485
1614540
549522
713101
245837
1675947
972829
524183
1735433
25227
466310
748133
10133
695199
1746292
1094915
639756
691521
433196
1523926
455192
713751
727032
1074346
1562398
909222
283570
771894
173595
675602
1429911
215982
1651198
127110
320606
1304420
672360
663820
1549801
1659608
1456657
1568262
1417089
853064
1466581
213919
1454454
339857
413830
1611777
1535048
513915
1786607
388431
1778180
1451477
736499
251687
1545490
588707
168082
106647
320007
1135417
1411263
1412563
688555
1665551
367966
53729
253636
134862
908653
1732131
927385
1551108
71529
536456
739925
545114
52669
801623
1447800
1610848
72357
614884
313593
909536
1081516
135297
1416351
1697271
1641899
178915
816785
1321837
915584
811817
1705388
11031
350178
1548483
848380
869276
142213
1567096
1189577
442172
147655
765353
1603676
1221535
1705888
834556
1749056
287981
1604205
1140172
1267901
1513790
1205590
1425228
1063730
55188
408731
20588
533161
588477
979792
679311
701475
1706353
865155
545400
1051896
1324178
1377287
319318
218323
332444
600708
59035
1502821
1579871
568898
344504
948227
57439
1333251
840392
1380974
271640
1327821
929192
1308404
1149450
416789
593022
1689313
1458949
1325907
1548266
780899
49405
992913
767642
1293889
142832
551474
452598
1541231
953515
184296
740876
1351113
226751
334875
480801
757121
1643162
334558
472939
786997
802870
1161118
1636126
473590
1450277
1202404
791769
269812
1109439
365758
265025
519952
852659
1753724
286181
637459
1042625
651949
1104247
206492
514421
445239
966454
780600
792486
1503884
1076394
37980
468834
574344
1257592
620082
833309
1627630
1469018
1151340
644268
1131551
1042272
1007857
575104
1357435
263136
1483862
1716262
312970
868888
393016
487075
589255
851287
1228737
1080161
925404
585295
510138
914147
123504
1281751
1099976
268820
756272
1342705
1320745
660016
947683
791796
901548
598210
357519
372627
1168529
1787869
441333
871462
858236
461329
211295
1217726
469367
611376
678887
968681
1244263
1367103
863235
2137
1491072
224074
822873
753514
1521788
910462
339068
1214262
554083
1293725
1076529
1332280
468304
1230765
1249429
893782
1768349
712977
227275
1326028
417293
424794
1251204
564633
294964
1513592
711790
1075172
1487027
894501
206899
1514913
651413
1563172
312249
294453
80124
1502920
595598
252867
1250310
1551826
1775839
1556446
1345788
333524
373704
407228
264233
1625180
443239
596312
1759419
1295971
92654
439168
38075
750914
1258631
469748
216919
1431289
179879
1246350
662623
1129616
1384585
1463572
567118
969277
51515
204210
529441
975007
1148909
589334
1608156
1154731
1768525
1429627
1504331
465698
488742
1287560
1260739
1408823
1379581
1303527
1429658
1402044
762579
493753
991982
785321
149634
173257
711138
1645780
1780250
1169159
1172302
1102195
298360
1612803
1486769
743698
571815
663793
1619026
367704
1092211
1126099
497051
989199
1766280
1486638
1280391
1088583
1666256
877098
57940
875738
202420
1370280
159113
257165
831045
1530749
665494
1172500
1450883
972885
1360683
580886
615748
1557967
1391774
1305447
685975
185908
1748990
1617248
1179430
398695
1318066
269249
967231
1275706
1350253
53089
1741139
418935
95271
1753035
1678362
989366
94198
320297
309649
70146
134044
751671
1030369
553277
1069095
166810
1496917
1629718
853193
50224
1137399
1736663
367595
216596
484157
1174439
889208
516130
251583
755460
874720
803681
1459241
840446
1494689
359382
96411
1161471
511742
1160148
1484354
1095881
1759928
781820
553930
227152
382645
188163
637386
1557846
1133631
469900
28108
73209
87949
1725903
1261307
1041667
928834
555694
1218123
165720
1638850
305318
354018
967892
350892
969789
592943
1774462
1363108
1178012
64523
1243554
1336414
1087091
439318
276464
339920
50188
378369
1575423
1397888
1185432
767839
872967
251176
779002
97682
1402654
1302071
1036294
1192228
5378
1353886
187047
69444
1418805
883593
924451
685283
630042
551154
1723067
238880
1203648
908123
1274441
1753504
1316918
1566899
186372
662003
1596379
788915
577882
1512167
446943
1305680
1622679
129274
1200207
204342
262209
1166709
842358
1171091
414355
1130697
977063
798615
848233
1753684
1714383
1121906
634268
381930
714523
1732312
301107
1793743
470402
248682
1653717
721406
503584
1709801
1787338
1785535
1226427
1529853
1348479
1395642
1243137
1012640
1571298
1015988
84002
917513
859208
1056249
61176
735120
435068
1582963
59094
1068721
335528
278796
1119555
291627
485228
1775737
505904
1578848
1724822
325654
846745
426544
211652
1417560
300046
107538
666431
1657059
1684745
60565
65640
100571
684292
667038
1374870
1475413
1545815
765619
403643
82914
748083
775038
1284326
301965
1442081
998537
1788331
907201
379904
1176842
1262569
1662376
258164
269451
903173
911126
669473
959405
429381
109939
1661579
190970
929678
310657
1045645
252066
1197613
647976
1443299
612502
356355
1078712
1307727
906897
1719822
1521227
412408
1306943
365756
649582
1360047
123668
91487
1164715
739487
482668
1022885
489724
1125967
1029795
789194
778614
955159
1340642
355997
1432309
1489506
1454764
1127011
938540
1623876
152943
1525626
1209408
1765667
387135
806528
1313380
883617
1766086
270258
789467
882942
1283708
1611659
1462224
564394
1447000
232459
725402
950444
1692066
1347332
513263
1533241
973418
567650
1045201
248769
1020338
1152331
1281531
1125510
736174
1123081
1200890
889090
773659
600166
851953
317407
399046
950482
652122
952859
1585123
685531
1310434
1232371
469086
820269
658386
440496
643317
1636262
1090
881498
346583
1719968
1574642
1385313
1035357
1777639
600651
371073
418109
997206
152687
893307
493853
178191
1766539
40296
910917
445449
809021
1282418
1221040
148049
1443267
786922
97292
1224782
186727
706050
1685751
1780167
679969
1657152
1299950
919240
762459
1739855
1525448
608934
507951
1418421
322303
772505
13021
1025285
845175
1543617
956552
9116
1353234
716047
1013305
684392
1104855
322228
682952
1033463
501756
29806
828711
1233590
165212
347609
877484
838500
205721
921996
162202
330314
852947
813867
217512
443904
438447
784441
826259
653992
1231494
504006
1400571
1592725
1497020
713732
395178
620725
292241
1215571
1189371
448321
195092
50213
26077
1193590
1155141
193932
456030
1282554
1463546
1495209
1248422
1511629
77041
69092
1651787
500577
1625791
102797
671957
647645
1655508
605184
1208448
612599
953507
720668
484524
219288
1379041
1776141
1253986
1413426
1690715
220523
120528
1544287
1046919
1706677
700329
723834
756645
788587
113858
1073375
285742
1121438
1610798
136549
1354632
673585
866075
1107676
1162866
1592545
922322
607201
1578203
437978
430515
1558715
1154576
546316
1101206
1307205
1157353
915517
460545
954550
489604
761206
1248609
938971
1541394
168379
486574
823780
1700481
1544916
963531
102483
1283071
131485
778254
1383721
1645161
1505490
764449
187028
1300725
137419
650011
1328939
4534
212713
604578
1784609
1195019
1390342
1284895
835944
638682
367015
1063817
360832
505259
1766710
1212518
581553
265943
985290
1606783
1001131
857847
258518
487071
63485
1435213
127982
1480158
1080082
221417
704629
592156
1550928
1139604
1126650
861556
803391
935288
1149162
67680
1081601
560881
412753
67241
594917
67224
1423036
1017341
340883
823345
815225
1445816
375961
1113764
1675671
44378
1362588
1642718
380689
405640
317790
641400
1710279
705561
1527286
141317
1280279
1710976
1338441
233936
1764325
1250617
1147042
398265
506267
1169151
877918
1650563
54069
238886
885458
1693801
1441610
474560
997198
41636
1323645
945815
1380719
1600872
1631858
880794
1630749
1194722
1313690
1098122
1351428
1573552
59773
1715096
1497635
936172
400588
1389758
1407213
891641
1324260
1647111
407409
801046
890739
538477
1480212
607212
1071438
1363379
1194869
107214
1278092
1015223
659706
1531320
362094
1645857
1632538
933006
1462393
604951
903645
347021
683686
1287787
1575709
726600
298308
530242
344047
678618
115436
1155813
115596
1553425
770586
1570143
157038
463176
1078485
1475796
231359
1289663
477211
1107624
1733949
415040
141664
1350010
1212933
1174647
925520
1533864
1357726
450676
911954
563672
747773
974423
1345590
546133
1649255
584850
901215
1281497
278247
1253604
1661499
353476
730094
643602
1582857
960675
1740967
552981
106218
971985
601543
614725
941597
283285
1479420
1309646
1628866
1491246
1220955
250024
236298
1679450
1730679
681964
565111
1359385
1448294
42481
1615319
1229753
178428
920264
1495038
251561
422042
1638462
1298390
562355
1183893
1106798
233751
1453549
561384
1763746
159492
1707163
751468
1093849
1790142
635687
851275
1526941
1421252
962262
1156364
1079503
1326407
431373
1159519
1453873
567868
1357431
1415157
241242
161648
1173333
271185
372497
1375583
288670
157882
994621
1733870
137610
1034364
304308
1106741
419216
672421
239631
1302355
56036
51845
447767
265014
826431
12392
919986
622696
429682
1493605
397520
607058
515097
405333
287527
709248
397044
596861
970316
387359
221390
545108
1059833
1569073
1611053
840117
1615782
1260844
1413858
1174417
31784
207081
1683872
798066
1688195
519099
638336
1173409
99330
227570
1126330
963180
1685147
92404
1017669
685943
1119203
351922
1286914
167659
1715581
111359
1599119
1718269
271291
1777399
837642
1533834
409826
1075342
1345340
816684
1723766
1139398
1113336
1757535
498402
603262
756890
1025172
376367
1321028
1371830
1062426
250872
1282058
1404087
1092145
1466313
1754102
258138
1537035
823899
1462464
1512810
1287641
1366351
294114
961874
728363
23122
993163
1209359
55077
667830
568698
605811
1331511
1188046
1702247
1017343
903268
306582
419358
179776
1004315
279030
1607226
192373
1763358
242070
1759222
46787
1488145
1550449
1280020
645094
781536
193589
961360
1772779
730667
37167
1060974
170991
806342
747848
991891
1128733
844460
1060990
842353
263834
1349080
1639539
293070
503300
848045
743978
352138
982334
764305
570333
727168
977837
1044227
984622
440136
828019
450203
1123070
408546
1192011
997678
473060
82553
1473819
933415
1594269
1620234
807567
336108
223626
1394862
759491
719664
1685510
1466062
1691549
480823
1487567
1202350
1472036
1451253
537359
852795
215605
1508559
1691109
1723121
1355828
564545
219910
143652
554071
1392471
1613544
512973
429699
1087386
557071
891255
883732
1318019
1432830
1021656
372311
33121
858365
411067
1063327
173472
579818
1676881
1367622
591537
929424
1147114
1054441
1443557
172553
910062
1753309
1352322
1481000
1671283
156728
1284613
1727576
989515
1323410
688335
298182
1688015
569922
1415172
1417595
999775
1549034
621888
533354
879743
631146
204186
323833
862518
1564974
1546604
1192084
965587
1317448
1587219
69637
1506516
105874
1602621
114380
1149114
1176426
249002
387976
1489393
1128160
766243
1242515
1513779
842333
1620766
46202
1176075
1227010
293074
1769986
437388
1040181
404145
1735454
411859
1737411
1774554
1571458
51328
1110590
303534
18029
1191901
1497063
531338
110201
549799
177400
109769
276393
1701545
1122358
169678
452048
547513
582801
1661826
732134
1713864
753136
796117
1355785
821065
786177
422712
391048
383733
1601190
284045
191331
1231829
184775
987943
1090757
1229111
1714810
904009
672169
1600030
406470
785732
1509152
27899
865439
1759875
1447662
1182064
813251
368370
400364
748612
987405
395546
1443433
830715
1732609
1204582
1247266
872344
256003
1430381
140366
820432
1514476
1776023
1715146
1378916
357852
1457019
1640647
1275539
425651
320475
281721
984526
1591242
1325998
1030327
232329
1519285
1091347
64366
904544
1065764
1685502
270233
1288609
350092
547412
493297
254937
103301
287422
35582
1030088
564230
1251121
700413
335666
406418
405832
1013400
979588
5988
29692
234513
149660
1479051
535988
289259
692669
2979
162897
865630
676133
378197
1059364
969052
1258400
553500
273007
785006
1013691
1237918
596568
332705
628474
1472528
1479245
920544
1659567
32915
822007
530427
530891
60439
505818
1044322
501710
1741568
1248158
884828
906789
16330
1158419
1052731
915852
1164885
82105
373073
1776930
1053911
1748111
1106277
1598993
392328
176856
912682
944407
757760
432791
73283
1225946
936308
1739983
1477388
1142190
679778
1787929
865595
1122299
1097345
241042
1197374
104454
509364
430776
157331
1147196
947709
893359
1033153
682455
1020711
1500863
153550
919774
809399
811894
1167257
1646834
435215
1677765
1170353
1097134
256523
1298488
1665540
1140703
800655
1582652
105108
1292331
796359
37773
1518422
1767523
593262
1542446
20950
513025
1132378
159119
1175593
867394
1424721
497681
482667
1310059
1785661
588392
907528
477812
799254
816400
856269
93543
815844
3183
1108639
697565
519856
1668672
783785
1516555
291897
539552
315711
837822
694402
868386
460318
149167
992517
1440863
304494
1532134
1333449
328903
594143
902206
922432
19556
1132106
1336001
146135
1690796
117383
275378
349990
1572412
1704947
605112
730840
1215800
947461
1520099
597439
1211271
311046
1426800
293240
129318
1538502
1097309
1104681
908868
1167496
544570
449436
815468
2647
913117
963684
1683662
1762613
19189
408802
1010349
769243
1703941
907797
900981
1005638
1050248
1586241
1701725
254088
1098574
142505
1239603
83627
493526
929261
1447583
17076
17747
976304
1030578
1349685
356751
206299
139155
1300476
1611224
882716
442863
750844
1387722
636192
415641
1707671
972262
1340648
957346
823108
1756937
811093
50856
1697455
1462294
1423709
1005119
57657
76557
1658319
1548538
1262197
1271261
1120260
1097773
1609083
186459
1640143
211213
884641
912976
41922
662903
972200
489343
1203045
194118
1215662
1177761
942229
812717
1146017
1662012
171825
1530220
1192381
824502
453013
1001698
262873
764291
1400105
92435
1795873
210602
1441059
726017
479916
854539
1456484
1761236
1723390
815886
426514
101677
1637576
1355180
1620073
1384162
539636
1401910
1545336
1273361
587501
183667
271474
610236
1213811
72472
1789770
1661167
521517
1627852
1457684
82196
468253
492899
802183
660727
844151
1087264
145315
168749
310363
1352683
729353
1412607
1715025
1470745
341109
1765873
1679191
1152432
674109
703824
778211
1079609
1179037
1310078
617583
1367388
615316
1226269
156726
1603462
1690590
669153
1494202
624306
1031088
136866
960344
1435715
1050663
158546
47630
466668
802532
1650508
732193
1458745
1317159
1535187
1384906
1236824
1611774
1651467
637904
56489
1224265
1410203
972920
1223400
1788709
736406
2968
758484
1141473
1340843
511704
18962
1530165
373258
124526
1659592
256477
1691054
488815
667068
1540030
1606957
714810
682349
1684523
1147825
409946
222862
1167661
1791881
1513384
280056
595396
1183134
1261700
1575692
695070
239539
114230
789072
1300307
24577
1014492
1710254
1102299
766700
1121774
1690125
985800
207553
794617
1777430
73126
1778702
1140583
907980
198264
1344680
543808
1038761
1463762
252635
950675
1247214
1217232
452800
66992
617037
552143
945912
1402350
434251
36496
1347368
1737828
1241523
220840
1318438
1351672
867206
705201
1279403
340767
1257126
1059202
807525
1581309
569901
1108058
524184
365379
489803
1684258
859785
289884
950327
936636
1157718
1535758
67595
856258
931931
1000280
523331
179816
855623
35040
354676
1015108
137488
1156000
258251
730545
1091438
1194325
105950
1694540
1045745
1766356
1734941
764242
7538
808497
336540
318189
1585436
1135662
685040
1583537
1077264
1288428
11074
117689
547938
903384
1277779
370008
1715623
1747934
947932
836793
1473932
1504133
428260
619210
64534
1280737
659845
502783
1245484
632194
723206
377746
223112
1790089
403454
197275
865965
1370509
1009008
16861
1007884
648071
1495695
1291244
520666
1641924
59230
1474073
1178353
921008
1688190
961076
225121
1385966
62205
1039317
1480476
977712
1528398
1063949
1098066
488316
314904
351631
837056
1347723
840456
109190
1448194
248301
1104051
957527
1601684
941831
374035
504556
1655134
351068
218274
1592619
1139245
1479919
622636
1476949
1663031
1760041
1379406
465778
930607
558301
1284448
907561
1494830
858531
49321
1019866
723609
1640617
567858
716760
32656
1060427
1484057
796896
970096
1783742
1248381
1155570
709218
19817
1523715
1449295
1056187
1471458
1056461
297306
1618795
573291
1536562
1511572
1023619
1579568
1242074
1096098
1009026
867431
33838
1634387
1443653
994448
1327958
1228036
1724275
815189
586862
890483
625273
99960
1763521
851577
679848
1132629
208571
340424
23736
519386
1561545
1127366
285602
254469
1098703
363682
301674
250292
1592281
707454
1293395
1615184
399942
415405
108212
505315
662097
237754
1443351
1612850
1463732
982052
1129277
269888
1668227
1571455
1159219
665466
23926
467951
109980
1242019
1285050
1558852
352469
861185
791049
339392
825940
1032423
380867
1331014
1046710
1639784
1048190
1322399
1412216
1463133
1230816
1471610
1243945
632912
1282958
545115
1244731
1203009
982516
1768757
790100
187738
1546974
959396
1736355
720840
1685323
108644
877575
1547035
1130531
680505
1618158
3253
13864
1588246
626358
1252010
99195
698328
705179
268794
1483017
993731
553635
138423
914248
422116
784514
1205271
975914
715473
1287131
971300
168684
1181348
283446
214951
1629483
1066875
1126938
880855
1278351
846959
1436878
27391
771876
1788534
357049
353455
1249968
1020976
1643590
1563135
1176220
857272
729413
975338
1781253
1683718
32857
618279
33743
903072
642466
1203116
1213687
349534
196972
1480660
1105527
36435
856054
1136283
602421
1597967
362396
270648
1315976
157297
1182204
462974
742568
745447
204199
462582
385688
157146
127795
191545
1083147
1729213
1347965
1379299
706898
384439
1568430
1611930
450093
626876
618043
249611
391825
775291
446810
1397946
125654
338367
1395996
1717464
644545
66311
1697174
1337981
667567
262869
493996
305800
1178786
1623423
1016213
944836
978626
124280
609806
1235134
1706477
1044884
940439
1122668
235322
1119880
359698
595164
1491925
779460
419492
88317
668120
1718821
311259
438170
884422
886166
533844
996325
1185087
1423766
687622
1429818
1157784
1418192
542553
1785907
4047
1502406
577345
1087635
1315804
334364
642496
1732216
49383
541439
1466344
801777
1393544
988224
468901
91358
289654
619641
1070024
1043854
1309160
1144055
1666165
779999
698572
729867
1073121
757822
39619
1228264
280795
834899
226011
1273139
1245366
375787
1607158
1136249
1548934
349768
1545747
1782743
1423939
724628
1056901
17270
860492
1376952
898123
1768292
948834
1065522
1402423
350893
1222829
335954
775467
650739
1676967
928298
774879
787899
965837
1067705
1444034
1448529
651865
1152777
1372919
786223
768102
579502
1114897
206133
210872
1299747
89638
70127
53417
671409
776353
248994
1166972
1722936
714994
1731805
430042
997349
335401
589407
1504249
1732108
1747108
1634711
1218640
1391346
1490900
255535
359912
775215
1528816
1004859
1197082
1305914
1154813
1308815
245619
634329
1528764
1520244
681892
59438
1373628
1648713
1194341
226157
438459
1301267
1007345
1506250
770267
1683456
1401047
713385
1207995
511443
1328588
889099
1767796
758626
325411
818178
1658805
327048
1296041
1460013
711390
1033717
1418252
435204
1428505
1756971
568215
247006
1587583
538944
929949
946473
1491938
1055609
705917
1246477
1069388
1334093
1689326
35035
1200723
227063
940783
1707210
1044589
1675709
978527
720388
183597
1021149
632702
350449
721770
81409
363725
1507081
1441315
61532
184245
653678
1345338
1642379
937144
569995
637566
1194893
435924
517838
1204243
1431200
62713
1774440
919835
1682628
1762332
1748654
995738
1504142
1521136
1550564
1093963
905657
1184581
1363600
1614575
806065
1456018
915322
474765
1493535
1028514
1701199
780938
716169
1484967
63942
985486
101820
649023
947999
203003
1084630
871084
896423
1638770
301741
780730
1346206
1561032
529274
429830
1104982
669326
980299
1337577
491336
11290
962766
1086028
1622487
363605
1666765
559493
1404274
1751731
1407000
441678
1551445
475572
1719419
1592164
1038686
1476225
1325393
39289
1574825
1695543
1214299
832104
4500
914198
1219469
557392
1420687
235424
37824
178510
1131866
893484
413590
378196
564524
931091
316454
1014615
1374092
846077
398453
1234947
883353
639161
1124140
293999
754035
1651114
1008929
1720721
42935
1388118
1046112
1292977
160899
1658186
1773081
1300030
1052273
969520
1153692
64939
934895
128172
585226
86939
506150
399741
881423
1235914
1058775
1353307
1743883
296520
1486327
374505
1406402
1774584
206294
1034455
194932
1422689
1224298
1574679
419364
626947
880354
704253
1417674
436737
1202095
1708473
351532
110134
269266
727480
869901
212010
988406
1177204
1569083
674376
763501
1261939
1510717
422981
1290139
845794
958018
922462
1311791
1584573
1248725
248921
313832
1504116
1470090
1758483
202931
883379
695824
1547657
1332327
617117
295074
1470332
1046675
411414
1049136
1181096
1715416
219993
1286542
804422
301001
742743
108028
767289
1623655
101764
1494205
798050
489729
865244
486632
779778
1275337
992640
819567
1283136
1535314
190367
151003
896248
730593
1566435
197384
603755
1553057
679203
346106
1486388
964468
1381418
1297155
1372774
912158
937402
684911
72689
34321
449636
813698
1727998
330731
1009167
282749
985787
667007
1608518
234279
1265632
1471158
626720
270968
4685
1409053
759485
1523193
952149
101711
605130
1311706
899413
1328642
815181
764633
1209963
667379
1408713
889507
1754631
1781715
16948
1023710
1626478
1564882
698078
304679
1135469
879399
402147
1079875
223840
546018
476613
365595
950447
310650
98937
1630889
1313832
1302841
1022828
1225994
1162894
29935
898380
920494
1663310
72004
1555331
714038
1347091
487063
1310062
336503
127908
568344
1428069
1713682
1028996
1450518
10222
74974
305794
671233
796040
774768
1175851
920082
851372
1631565
1356663
969976
1752272
1186749
374236
702342
968116
993138
295838
590430
1117434
1337021
516131
1418671
1684974
350209
1602453
890190
815772
520804
1265055
238835
1059756
1295447
1613910
953219
326594
467278
950104
1775014
1782264
1295966
614973
607276
1080671
1156949
1528974
1077041
673316
1445268
751907
696571
110524
393414
186411
205736
1332689
212583
1371103
1037739
988967
1330485
837165
383323
1593307
1528322
965052
492879
282414
1373865
445917
1634021
1013441
1456477
123488
652492
666291
469306
1194419
1649789
1403200
1518100
1727924
181563
1288266
1198904
465460
1706096
801406
1518676
1346207
933053
624132
576866
1736596
134707
904599
1498903
1617643
1239575
224983
1329126
1404627
184780
398262
1161768
680295
560098
332169
1522243
632607
526137
743350
488722
397931
1289033
1147721
293765
1216570
956627
220476
1415777
108622
717770
203025
968498
1186199
55497
1189517
580705
781471
661020
1259785
1334341
158989
863043
895325
1598118
1312005
804423
1241886
872376
618473
1147546
1378533
1692958
1116025
964555
587629
710499
981490
107892
1706980
1552800
1783441
965249
413054
486213
575958
1149
17594
1158866
281729
1043364
1747565
650440
536562
929814
985050
1579931
1661373
922632
262244
1073910
1600113
417955
1008379
1672779
1593744
768265
1212692
429919
900088
317989
787501
1267586
263725
246955
579954
744184
131776
1103369
1335427
215935
260349
176646
327091
1256522
1716049
480106
388107
1427590
8996
959685
873323
1077496
218551
1541159
617154
1350312
1779732
1619533
9316
940086
1338122
90372
1247882
275966
328315
342834
241230
1626315
1789283
1544763
95710
1154893
1656386
1412701
61902
1249984
993151
783938
136709
428379
1128717
1684586
1014021
1414623
1385551
656965
1582767
557936
384693
1343716
397703
905955
1484437
1469659
366312
820465
693597
1741881
1362293
123163
1217981
1752502
1347183
265198
416906
485900
1525094
345119
352206
1266585
305756
1138191
1219500
1305728
517817
641
38679
818266
665939
361376
1471739
735501
900784
194706
1459622
1375565
275697
1261159
935253
310353
1632698
1035006
1266260
542617
1154374
1197827
691193
471366
530925
1085756
1670428
61433
828510
500695
735934
280797
1386977
305211
1167414
387920
201236
280472
1132450
407514
1485238
332287
1326700
446653
556133
1442336
1127320
570511
1496029
1071040
559858
1003183
1309228
1224638
173830
248303
203330
953084
357327
1312959
760331
1264070
1131549
406723
1792154
630613
1198271
150765
544724
1489910
294321
700385
1575313
767303
1656724
1310993
1366193
180895
718156
1273819
1637486
809938
571196
41735
446831
650636
374890
1418757
1328088
279385
370550
1409062
963242
849322
582937
1252058
1751602
1395586
478501
456196
314253
1197017
1460223
292745
512997
825602
1548810
1044358
476075
993898
1193295
945431
1795190
446140
1065578
870604
836266
836673
1083365
1602623
1574621
1601475
55205
898229
954855
752562
1736310
1381315
882140
233995
89501
1597906
347830
1466120
1356884
1038071
1660348
1246614
1130312
775325
949666
421138
250847
599638
1471037
626708
300183
1641618
1276277
32614
598892
1018027
322481
421020
1684404
1424761
934211
353195
1190811
978696
974580
1357503
1351622
920247
65128
505886
51061
1157740
1520996
1211000
754495
992860
357360
707156
420059
205455
1520030
317697
1624341
1394585
843476
1582145
764985
1631800
584578
776677
1339192
837260
1075138
270326
812534
1302870
389049
863694
245155
1663263
1044001
766383
235017
1016073
868952
1165385
225891
1572172
637051
1369129
674870
1699652
1117827
122912
983528
552357
577050
1311713
197238
355519
641386
231604
38051
127679
1000495
884036
1732951
1698971
1557319
699915
243786
1360643
376388
1782497
440004
504698
386177
414194
1344837
943142
1426555
372603
1026467
1031758
375042
863935
1205822
1389918
876443
1296393
1778906
280274
125200
1755320
348043
1158161
1115041
960716
1243193
1744080
963279
737431
1497470
1423032
1295836
1435760
1037347
1553272
280823
580929
860006
16578
793434
579860
1418095
72412
10037
1009495
1615402
441896
676767
1287047
1680640
273269
267165
734211
532446
658554
725871
260065
598820
121984
285060
390206
1387619
1760201
406562
524746
400170
149769
378318
1168908
119175
525385
449366
1380379
1314369
889438
98434
457849
1541615
910372
1777290
442786
155385
1168329
1681786
1458689
1659237
1050522
588591
971415
1588671
767778
154679
1013067
794664
1706648
908528
1751510
1569342
967445
715868
434675
1579389
934404
1298668
1441932
1212519
174280
342563
633965
1184454
1688279
1431265
596137
333907
842754
547868
768914
454866
1263085
1544675
390633
815821
1631595
1649893
332850
40623
43655
592840
833901
112743
1454056
15800
1107610
1274952
466820
644677
41932
736553
473566
974899
937950
1654302
1165340
1713286
1775822
607065
1249954
504040
1085933
487712
894628
408983
1222744
771847
1642361
587377
230510
1742039
1001481
1305033
455824
29581
1328998
238322
1418560
1073210
1389899
1106046
189598
469646
429710
1762713
837383
1394652
1238824
248438
657637
231121
1602062
1586899
1757799
1729189
801148
1327428
1747207
54680
1117994
376030
823509
1139511
889452
953087
1091397
329703
1383513
1603374
933836
504261
1582904
312064
1003455
337476
975071
114035
211094
51628
1490382
84028
739543
1572474
1232131
934217
842486
732447
110781
1334150
36347
340165
1162152
1137921
916488
1201041
1316657
1106355
1224848
359897
1032149
1358274
1696361
770490
571560
961869
137079
595663
1356377
392422
1410937
337764
1756396
8387
454777
1381545
445116
1254396
935259
325020
240880
414050
1329257
906394
266789
1292544
625789
1014708
69994
1746646
1060961
685821
1387484
1702897
625298
775000
1657280
384897
716084
977120
409639
1421777
481261
1227987
224376
262083
143728
457140
1240125
425884
919979
432350
1597709
146557
185979
252512
1713158
1479895
757501
1011526
1622475
552347
612352
209221
209361
749418
1730055
1000189
595411
463818
182840
1100974
212683
1395451
1685640
780188
1007976
874072
824154
899244
539265
532386
1041879
449435
704281
598396
112856
403898
13460
309413
571846
859830
873084
895204
106107
786862
1634796
950586
1394329
1246570
487958
862540
1413604
314507
1673205
1595007
1044330
971634
1133072
1264983
1523136
923880
591092
1232803
1334500
134343
1440670
1213328
1326361
1107685
122003
909936
847745
434207
766663
841639
1024898
1470843
173026
1603509
1082383
1091978
1612186
922912
82659
1607504
197041
73561
1601457
817917
796749
926713
250701
856678
767448
1007195
1548287
1694779
1357062
1546586
1104216
1734771
1477599
992975
483300
317197
1402506
1608371
314310
795470
1027515
947650
1402784
1511096
507037
918169
1295659
725184
1111934
1491391
1610873
246536
685479
1551153
1347944
1081066
1772832
825875
481695
1472157
720181
1670695
1040832
305514
574886
1679588
543363
875233
240670
1177461
738769
930612
1192597
1103096
1408872
485337
152604
1667725
915395
1016800
939227
1279464
1026300
536514
1094229
1332283
427730
1546993
312433
528184
1540734
1695194
845937
1775974
1362811
1252482
602274
1603811
1761175
1554562
549125
1539360
1556513
1241739
1288774
1531493
1615396
1168146
1428913
1199076
451132
1372229
447503
159508
935252
947299
388616
392470
932543
875069
4242
302486
1630629
247344
162820
1128652
1746182
1130251
107733
283903
1041741
832741
1192724
925150
1186570
1535975
1770771
570993
617301
716415
997647
789574
1662676
1016744
1735895
1670
23627
161698
699429
1255161
896646
1585982
173046
411197
1141933
1077462
816003
856702
275495
399290
47450
921577
1201620
1259518
1565345
955805
1710432
799431
1396827
1420808
7629
1442851
108941
1317253
705172
932119
989114
400058
1318217
196562
1708026
1393032
914823
705568
332090
1095228
1646852
612082
35302
671601
577412
488844
896857
600993
1210015
1267010
1682714
244151
965889
1160236
659078
963889
1041440
1427695
1770248
16665
246246
404406
1421031
292032
386454
1363996
685720
898856
485366
179849
355412
1145316
1351139
517011
1018556
195131
1295679
576431
1418895
793244
1035054
47121
907166
1146816
1239805
1000285
621322
451367
1768880
36488
1706268
334011
355702
170351
1713948
285615
390075
402480
677580
709211
409079
757009
1221012
1476059
1472944
333196
124514
1141754
1631276
577851
1527893
620730
252787
1701304
233829
75899
1366298
630501
687759
390606
1393924
268585
1137909
852336
726348
1747014
1367711
136083
1540865
1057103
1767246
619153
23924
184184
588514
1416196
1640132
152430
1512938
645468
1740344
1001751
1342117
92462
959385
1760490
1486434
392827
606336
1209997
917082
113901
310409
1201856
33145
1374370
1771957
1069272
1353750
146905
902932
1675664
13345
436587
1234138
1735834
810762
1673443
285719
1725875
1330157
382593
954199
1686951
1602465
1067834
476421
426887
157854
640251
392274
852742
1371342
550996
726614
1065756
908461
1176541
254189
724651
597321
683915
1266810
123996
1693750
543727
1446351
22198
1339047
1778941
1499639
1254874
1079750
1401745
117406
1397984
1396449
1090930
1607291
1231636
1355036
459781
393748
153785
1210969
512988
1733839
1504027
1010643
1504893
953424
1220864
628556
1008508
1262360
770600
545413
402155
504701
673560
1678562
679603
219954
580249
1575779
303074
1428165
582831
310814
211306
364393
724412
1731686
1359302
218181
34436
1614584
1082755
1732213
1546872
673121
1046362
307386
329928
544527
34734
576348
790821
79279
1119814
527560
1313939
126741
646823
396749
1715874
316263
1551030
1183487
1282775
547102
438156
1255248
999718
776518
1762886
1618112
1092617
43635
1137579
200124
1392319
1540872
1401774
1604909
1546224
1522554
703107
1484066
1492766
195398
82090
590616
961717
335543
1138148
175739
217987
435919
364811
1700620
377411
681364
950889
419754
360063
1587298
217791
1727896
1265028
625217
1636689
1694568
382070
1370585
485768
351697
29286
992589
921646
1122670
1241874
1360925
679919
94665
1566225
391196
317829
1729690
1005361
834948
1570764
353778
1294223
1332720
1482967
1226892
901811
859452
615170
574624
1207335
1094731
794392
1285534
1492658
680503
493934
778676
860011
841086
1248460
26679
1667080
1167826
260881
467905
939015
1368461
891367
57552
209231
1180038
1334786
995894
1729007
909427
793613
577728
1226852
573315
1077112
1688224
1619514
1522723
1674494
310763
1679950
1218161
1397718
94984
605929
853357
1263251
922513
1472706
908281
159458
1485488
656288
1389939
449119
1115194
738744
1203392
1349073
1682320
107693
410283
1476876
587453
1574849
437934
956913
1044316
276640
314595
556476
1344649
39753
1258312
176236
1252000
721198
175534
1281858
910737
1579800
1129128
260081
1696668
620061
1679473
1006099
1330454
805851
242397
260701
1412032
463109
1299238
1262859
1078733
1003396
1657885
142104
590615
125628
1780424
175273
1603968
572691
546141
103239
1048911
1220122
1004245
203642
1547062
484991
90233
988764
941859
469805
1549516
647320
1237258
1233661
806835
657950
1030867
630737
1031901
1717541
29356
1701024
374609
893191
686210
1470409
622450
1738270
1609408
1790127
1008932
610959
1372010
180554
988231
1358940
1138650
357414
1079995
1112226
1494958
1413843
1238762
956740
1608530
313202
888435
651529
1060017
1407656
1165526
1079946
1736278
622956
139776
18832
1462764
1624997
1482883
527635
1715917
1670717
461688
1338039
1688687
1388113
594910
1375979
339296
480771
146117
820099
370643
282224
871435
1269078
163220
544766
791617
1678888
1688417
732453
1252373
1613032
906422
632984
653641
709304
1494244
1701642
1099774
1145430
447775
447418
1523834
1697273
289199
1373001
1474420
1555844
179389
1533586
1005933
657443
1788749
198979
962954
1312122
37126
1482334
1612859
1036283
1479376
1102457
459943
1350896
136149
158049
1609130
1758025
1543864
1710956
1561930
1069875
1125024
710722
1306188
1432255
1009115
643410
305637
774880
1674766
1360839
265530
1581312
1206391
1070140
73182
1060801
53662
1264879
226391
1317302
610212
1603881
425610
761944
465023
929012
1524857
1534826
1067114
1388561
1507317
1744020
555894
288835
197821
707118
891581
1666304
332174
1433112
733584
640959
1118933
364063
1035444
74321
1579246
159291
1142702
1382253
826205
1296149
636827
789356
873533
1266462
535223
715445
1595328
1199552
1193242
1340470
858186
799558
1496320
734003
331148
502711
988709
256324
1461
1232132
209951
1089128
1297658
3567
607439
100152
487472
1674907
1483433
165463
1426430
1321011
1330751
642628
525003
654679
1041858
1452407
1079311
220812
1442660
813367
79767
1455671
864878
1018311
59715
742151
1160758
1446352
163194
1529428
1156131
595364
925923
189160
975755
1008318
128562
995831
1134612
1315493
964394
681494
1474576
1695710
750832
83753
907842
603527
1168826
1662174
365043
1766079
1511714
602292
1465392
589359
424947
543750
146920
1277576
300131
1238339
1636695
1517662
602107
1339990
1779220
991566
261356
794481
1461801
795671
1661556
1753414
101042
1712735
1059339
837634
707249
1751127
557957
1258723
96261
1205533
502682
176544
1330184
1234823
433594
8677
1243384
1047159
248984
54246
924084
1091434
683799
1309824
383598
162792
860243
867002
1359926
575130
348848
1127103
733014
918675
755533
1554090
943766
464660
497406
438680
1702879
993199
1051486
280470
44202
1281047
730728
1690496
1484384
1275899
107582
1234047
1275799
427909
70135
197051
1358136
1390221
427044
1176953
382548
649424
325416
1525065
157670
1205810
1370941
1676101
1710691
95950
36061
252323
1483752
985488
1662935
969727
1379562
93061
790919
188910
1475701
994856
426530
427773
782475
1494868
683959
575738
1508404
1430585
678254
409961
1072836
820205
1025469
1443230
1535640
870081
1738313
877163
1781540
1299065
976366
1450493
1178746
699716
330285
1335651
1526047
891349
262876
150508
43317
1059936
394896
116717
424263
152014
500376
1123875
591434
582216
376386
313470
491595
598233
1571001
1675263
1053738
930935
1442141
41245
108426
776071
568532
1584491
1074996
318472
1085705
410602
764131
853486
709339
1305990
385353
618306
908573
1514334
1018013
988340
549633
1028285
316929
1207624
66804
