945431
953507
1079311
1014615
1412701
185908
52669
1609130
1059756
591434
289884
1261307
714523
1681786
818266
1328998
1518676
930935
1006099
1360925
351922
920082
1092145
1160236
963684
961869
149769
613301
1326700
1192724
498402
1546224
187738
1044316
767778
972262
1351622
1649789
440004
1328088
1372774
446653
1044322
1631565
1548266
1747108
388616
209361
685943
500376
1003183
1487027
1579568
1317253
626876
471366
1033153
733584
367966
969052
1144055
1035357
1466120
1727576
720181
972885
1778941
967445
1774440
1702975
587377
859830
1275539
755460
306738
485768
1388113
539636
727231
928298
1009495
248682
1694568
74321
209221
816400
596861
1023406
1295659
1389939
1254874
1042625
1132629
351068
1287560
904599
1761340
1060801
1484384
1030327
703107
219910
1430585
1099976
245837
1418560
226391
355212
600166
1684586
1762613
426887
1533241
941597
186372
367595
432350
129318
1283136
1079995
398695
123504
1611930
506267
153785
1169159
54246
521517
241242
16861
736174
64366
596568
1572412
865965
1158388
1502406
783869
1379581
1392471
1615782
915584
806835
580705
1082383
883353
1404627
1516555
355997
1153692
56036
1392319
1030867
1103096
1413858
1121774
124514
1412563
1003396
641895
1396449
1603676
1423766
1715623
1083147
895751
1729007
293999
1357726
610212
422981
419364
630042
713732
213919
903645
1350010
1046919
144985
174280
1689313
427773
163194
1050522
1138650
447792
1691901
1209963
442863
1781715
1258723
1280020
766663
467905
1202404
964468
294321
212713
153550
1305033
243786
712977
1504331
1412216
1155813
1471610
716047
1207335
905955
317829
553500
766383
823345
161648
1454454
975914
1491925
790100
1329098
577050
1351139
674870
1097134
1330157
529441
1574849
907797
1705388
533161
163220
42481
755533
265943
492899
705561
652492
1156131
82914
301741
125628
505818
504556
580886
1122358
568344
206299
1493535
1014708
1661579
1626315
816684
1194419
1436878
196972
909222
1367622
1470409
1402350
1668672
781820
194932
764449
1205590
1753414
1160758
1646852
1550564
1317302
1466062
736349
1193295
1065764
1356663
114380
815468
1128733
317989
1723121
563135
1157740
1597709
122912
115436
1256522
1672779
546018
577882
780600
256131
1611053
1637486
1388118
225891
1066875
224376
958018
445239
1284448
979792
38075
125654
1575313
1263251
757822
120528
142213
1603881
1234823
804423
547513
1754102
656965
995738
861383
1673205
1440863
252512
787899
4047
291897
836673
146905
1372229
1098122
1790127
1428913
979588
1556446
641400
178428
1045745
595699
786862
695687
763102
945912
1593744
965249
1053911
802532
403643
1040181
1347944
901811
1220955
687759
1407000
915517
261356
146117
997647
1521136
1352322
582937
1414623
1751127
54069
29286
1285534
1650563
1035444
1334341
1555331
1104051
412753
1588246
751907
462974
852947
906422
736406
589255
1159219
1162894
1497020
1701725
402155
1544916
182840
419953
954855
1226892
314904
216919
1212692
660727
530891
349768
323833
1571458
1301267
1471158
1737411
491595
595396
544570
894402
690595
909536
430776
1597967
770586
988406
311259
730667
1232371
1013067
325654
195987
1762310
94299
1383721
1318217
1380974
1558852
339392
1370941
139776
1003455
742743
1386977
1089128
555894
667830
1727924
192569
1551472
310353
859208
1305728
1097345
1008508
679311
131485
503584
1706096
1455671
9316
1292977
862518
756645
497051
1052273
1297658
1344680
1068721
1084630
786223
559858
1291244
450093
56489
1041879
823509
178510
796117
822873
1311791
1782497
851577
988709
662003
1161118
1035006
1091397
865244
688335
1697174
110781
1273819
4685
1409053
1238339
961874
142505
1350312
445449
310763
749418
901215
1598118
549633
220523
426530
1295966
316929
51845
1552800
674109
961717
1788749
1601190
858236
330285
545108
1355180
66992
1225994
221390
1214466
1025469
87949
1026467
908281
1593634
624306
1046675
1407213
1675947
775000
26077
1022885
760331
519386
1523193
885458
203025
852795
1479376
446831
1360839
1578848
1566899
203330
103301
720668
709304
833309
1651114
1167414
1558715
789072
650739
106355
1688224
488742
372311
136149
1530213
1167826
868952
635687
1238762
825602
1366351
94198
1763358
1167496
603262
512973
917082
1097309
1521788
1734941
1262197
1374370
1625180
203003
873323
1511629
1213328
1757431
73209
176544
219288
233995
455824
1482967
952859
1346207
1504249
594910
1409176
439566
276464
465698
1321837
1177761
1210969
714038
1240125
1608530
438459
76105
1190019
796749
207553
79279
1121906
1718821
208571
842754
1239927
3183
467278
1154374
831045
271185
1108058
318472
1298486
265025
774768
1389899
1359926
562355
941859
1619026
1518100
396749
1223400
889507
1315804
1768349
1602623
1224638
1466313
1401225
884828
380689
520666
1060974
1226852
625298
1247214
1748111
646823
146920
573315
1245366
1683456
1587219
474765
974899
1697273
1038761
43655
1470843
351532
1506516
1586899
1010643
948834
834556
232459
918169
1302071
363682
946473
1071040
576866
1502821
84028
1401047
1231829
93347
875069
426544
86939
469306
605130
1723067
1413604
379904
1776023
1065522
101820
1250617
1615319
1431289
1473819
1106355
79767
1056187
141771
446140
1716049
80124
1041667
1079875
796040
901548
1304420
923880
1059833
1459241
1421777
39619
600990
469748
1261939
1689326
980299
1193101
39289
1786607
685283
1326361
1307727
1485488
242397
100152
652122
692669
933053
489724
1032149
295838
919835
450676
1140703
1205271
197275
750914
1540030
398265
1224848
734211
1001698
310650
209231
502682
1385966
917513
1528974
588707
1279403
1130352
872468
790919
1505490
1744020
1080082
221417
1472157
1756937
1174417
1317448
1194869
973418
969431
1211000
1281858
497681
1051486
920264
466668
1474576
165212
292745
1629718
1772779
1753504
383323
927385
1549801
109980
539265
309649
716084
1012640
378196
811894
340165
723609
429682
1252010
1640143
1287047
516130
1670428
18832
1126650
667379
665466
238835
545400
678618
1448194
909427
546316
1397946
1445816
1275706
464660
11290
826094
1787338
1231494
95710
1267901
1663031
939227
851372
851953
938971
1333251
1443267
310168
859452
1280279
335401
1266585
276393
1675664
46202
726017
1295971
607058
1757535
1675671
622636
422712
1713864
1525065
360832
1588671
872967
82090
1007195
553635
1619514
1604909
1441585
300131
119175
568215
66804
1466581
550422
1593307
552347
13460
317697
983528
595663
127110
1600872
1309543
1752461
1009008
1332972
887303
999775
1611774
1611224
1375583
184780
1352683
1158161
717099
794617
350893
405333
1675719
853193
1772832
720840
1614540
828711
1067114
289259
783785
1290139
647320
1030088
1295447
632607
1575423
117383
21670
776677
1194735
974580
1561545
322228
745447
582801
943696
341109
559493
1443299
575738
832741
1265055
1453549
641386
633965
625217
159113
1282554
598892
348848
1608518
123163
403454
1394188
994448
1339192
157854
1557846
1637576
406562
1418421
961076
312433
1679191
1027515
1167661
858365
387135
679919
966908
1715690
1033463
1603462
168749
1328642
1612859
1496320
304308
1778180
697565
770600
1683718
914147
493934
984622
1512167
210602
989515
608934
497406
451132
1220864
270648
315711
1691054
92654
1775737
136083
469086
1065756
156728
405832
1682628
342563
557392
920494
454777
889090
513263
1789283
752988
707249
965889
1093963
929424
1441932
685720
535988
584850
552216
1795873
197384
206133
519856
1640617
935252
751671
1791881
1718269
1122299
884036
950447
1462764
519952
552981
384897
768914
292032
858531
975007
269812
1151340
1031505
936172
1579931
244151
334364
1753035
1788709
1282058
708998
1432255
1662376
697249
617600
10037
727032
1445268
896248
376388
1678562
220812
1331014
1316918
327091
1717464
1044589
408546
444904
543750
977712
1417089
657637
911954
1090930
889452
279030
220476
1241523
1044358
1156949
61433
319113
1475796
666291
1115194
1529428
622450
1071438
1709801
672360
364063
339296
1215800
754035
1297155
1441610
83753
134862
1402654
1130251
1662676
1456484
1053738
1228737
1130312
1496029
991891
1357062
260065
1661556
937950
1334093
1747014
1342705
382645
1556513
1710691
1306943
674376
352206
811093
305756
271640
789866
806528
107582
1444034
1740344
1646834
615748
881498
1221535
392470
76557
817917
50224
316263
1631276
1262569
404145
1479051
1203116
280470
392274
1168908
313593
1227010
668057
993151
1732131
529274
416906
1147342
1057137
658554
628556
1069876
231121
549125
1043286
662903
596137
1255161
1510717
1269078
762579
137079
1550449
1043854
1609408
1753684
1535314
252066
1042272
15800
1183893
1330751
125200
519099
167659
1462464
579818
1659567
485366
1046710
1603374
877484
1243945
1142702
571196
987943
157038
1427695
55205
1325393
1079609
383733
1035054
1713682
248301
948227
680505
427044
96261
1358136
561384
1172500
1668227
1640427
1600113
778211
649267
1585436
469367
568898
872344
1426800
1401910
99330
804422
248303
574624
974329
365758
67241
1743883
4242
1194893
268585
798050
846066
808497
1222744
72689
1490900
1479420
782177
29581
1647174
600993
1275899
640251
867206
1613032
428260
1482928
107414
822686
637904
50188
1579246
1232131
575876
1286542
73126
1357435
1362588
1489506
1307205
1178746
425884
1450518
489343
1531493
1713158
1403200
1198271
359698
1284326
124280
438170
1513592
1759222
1447583
1654302
1133631
1248422
361376
780938
1337021
1132106
935253
1735454
962262
1758025
193932
91358
564230
101677
1397984
861556
820269
541439
1565345
1789770
551474
1463572
872864
1228036
588591
988764
1541231
815189
195131
492879
1723766
28108
785006
1094731
1097773
1481000
865630
473590
191331
1330184
1300307
1736310
420338
1598993
368370
355519
1545747
1671255
1610798
524184
1429625
1636689
190367
1328588
537767
1264879
865155
254189
903490
1662935
922322
36061
1370280
1518422
1396827
992589
1492658
206492
1203045
1418192
1685510
353195
982334
285742
1645780
1735834
1293889
1004859
699137
1536562
493996
1457684
1551108
1025172
306095
1259518
429919
452048
775215
1288694
1320745
1135469
178191
1237918
1076732
1747565
513025
1600707
930612
411414
1495038
1692066
1248203
842486
1715096
779778
1472944
377411
1602062
671601
282414
671957
185979
1493605
476613
2137
1021656
720388
1631800
880855
735934
1119794
775038
366288
338367
306579
1517662
488722
803391
1385313
365756
385353
1308815
390633
422116
1767523
1524847
589359
476421
510808
328315
165463
275966
841086
1658186
1603912
190970
1104994
1117827
1275337
748612
774880
1706980
504261
996325
1480476
1211271
1657885
1493822
1571455
1026300
1461801
1753724
1233661
449179
1121438
1237258
143728
26451
336540
846959
332174
485228
283285
848380
105950
851275
113858
1194325
1364603
1780424
691521
517011
1667725
391825
1038686
1636262
757501
413054
449366
823780
349534
899413
732193
880794
619210
788587
1432830
73283
1375979
1749056
781471
1766710
512988
285719
1318019
287981
452800
546141
855623
250024
1185087
922632
590430
1310434
840117
459943
1063817
993898
69637
698078
657950
504701
1204243
1370585
1697271
1457019
1409062
450203
227152
953087
1739983
387359
726679
900088
447709
924084
155385
960716
598233
553930
1197374
1258312
791769
501710
1666304
339068
538944
173472
890483
456030
1127011
1214299
504006
468834
893484
735501
1432309
8996
1280737
275495
1486388
210872
458933
1303527
903384
1688687
138423
828019
898380
44202
1287641
219954
137488
891367
424794
544766
1353886
1641899
424263
260881
916488
1247266
36488
1192228
32614
135297
1239575
1102195
1635904
27391
1345590
29356
371073
1550928
285060
1483433
764633
1443351
1248609
1420687
399290
1657152
1252482
1326028
233936
275697
186411
1102457
912158
1448294
962954
1453873
91487
1707210
648071
813367
349990
585226
1741568
607276
1436622
348043
1015223
203642
953424
848233
205736
350449
992640
1389758
1242515
1367103
780846
453013
1336001
943142
1194722
977063
1765944
530427
429699
832104
1016213
1324178
290059
1485238
968116
684292
1666765
1249954
493853
1706677
841639
1140583
837056
666431
1048911
1473932
160685
736499
1581312
378197
836266
447775
162202
23736
1227987
126741
359382
4500
1349685
1310993
1504027
1429818
907980
882942
1023619
1128717
482667
1395996
441333
659706
812534
1056901
1690715
1044001
1695543
1685502
830715
748133
1129277
1284613
1248381
1506250
947650
196562
389049
795470
934895
617037
579860
1216570
390206
226751
1565442
1708026
867431
1509152
1207624
743698
489803
143652
1484057
547868
1573552
624225
1671731
181112
727480
896423
340883
447767
1326407
571815
1272641
1533834
1076394
950327
105874
477211
985800
706050
1206391
1282418
74974
1542446
955159
1569219
1324260
1243193
844151
598210
1010349
1494868
626720
651413
1713948
644677
1334500
1147196
1553425
1045201
1254396
400588
1298968
1759419
257165
614725
212683
1209359
898229
312064
407228
1659592
1418757
254469
1085756
1694387
706898
59230
1050248
179849
53729
241042
730840
106218
1335427
302062
1141473
482668
1236824
764291
1171091
503300
1500863
333196
209951
1688279
1224782
307386
1200890
1601684
1671283
1636695
682455
1313690
1222829
1018027
992913
997349
774879
667007
418109
262917
35582
614973
1293395
643602
620061
194706
875738
179776
332090
893359
1762713
1219469
370643
908123
922432
1096098
989210
1031758
1777430
982516
94984
365043
1137579
927300
1087386
314507
154679
1246570
1772231
1744080
486574
218323
607439
1688015
1638770
1658319
851018
1778702
875233
1097894
1001751
649582
1639784
1338122
1426430
767448
327048
1265632
1013441
891581
700329
51061
1313380
1471739
1077264
1623655
1606957
414355
355412
997206
1266810
626455
1554090
393748
882140
20950
914823
756272
1316657
746168
612599
1724822
251687
409961
454866
590615
1139398
1397718
1363379
1289663
67680
1713139
1513790
1106046
1310062
1058775
926713
412408
84002
1582904
177400
667567
505886
1060017
766700
504698
1700620
617117
480771
70127
929814
720306
1765667
36496
1349080
773659
1273137
476075
603755
934211
1327821
1575779
826431
1189371
10744
413830
1766539
254088
968498
212583
1611777
663793
59438
268820
220840
908573
1158419
517817
1288774
1346206
485216
637386
1036205
979437
1630629
868888
683959
382548
373704
1094229
1544675
681494
1574642
90233
1618112
134044
192373
44378
908868
342834
614884
51493
1574621
544944
332705
468253
372627
1747207
47630
1461
1504893
1679588
19817
525385
796359
691193
106647
564545
567858
36347
159291
1210015
556624
877918
874072
223626
1248158
365379
786922
881423
1557967
1480212
801046
659845
1374870
940783
1479245
1137921
937144
687622
382070
964555
1119203
1634021
871435
270326
1005638
1253986
1540872
600708
905657
391196
919986
1684745
1215571
936636
499206
908653
1675709
1282775
33121
1774554
817868
1773081
673121
1172692
1736278
1005361
1435760
1085933
262244
782475
488316
1203648
186459
1202095
547938
531338
863235
411067
1647111
1483899
1441315
1530165
1122668
1123081
1283708
1290038
820205
1351113
187047
1564882
55497
582216
1417674
1292331
123488
211094
128562
920247
921577
1568430
1719968
1450493
1457088
1155570
643410
1503884
883379
1694540
1634387
916349
922499
822007
1327958
1197082
175273
1059936
211213
569901
32656
1459622
863043
93061
232329
771894
465460
414050
856258
55973
734003
150508
1298390
372603
714362
1333449
1139913
280472
1620073
862057
1128652
113901
668120
248984
585295
1658805
253636
363605
801623
1008318
963242
1288609
944836
1426555
374890
1615402
1780216
10222
1594476
769243
1632538
1768757
1608371
991982
313470
606233
440496
1472528
1495209
173830
1022220
1638850
136866
359897
1357431
770267
546133
557957
1475413
1191901
1703941
896857
1344649
1609083
1435213
903173
1762332
653992
896098
1523926
26679
426514
1255248
1635876
1479895
49383
886055
333907
1663310
1030578
1408713
914248
563672
325416
552357
409639
1716262
602274
360063
1619533
1544763
1115041
547412
1065578
1553057
1653717
455192
55077
949666
947683
970096
306582
1182064
38679
971300
637459
1587438
1790142
1435715
873533
451367
1685640
1770771
588514
1095881
594367
1660348
1452407
266799
861185
152604
764305
162820
1381315
108622
988967
512997
889208
233751
845794
286181
1283071
411197
1221040
716760
1034455
1775839
256003
1397888
1528398
486632
1267586
275378
532887
1430381
924451
925404
283446
293070
1135662
1209997
1674494
470402
1499639
621322
64523
904939
1447000
301674
1665551
1733870
1784609
730094
1234047
1466344
1265755
507951
632194
673585
410602
1545336
1154731
1582963
1524857
612082
282224
1780250
422042
975338
1724275
910737
231359
1000495
678254
818178
568698
1733949
1541615
429830
1746182
1768525
890739
1060961
1057103
1682320
824154
1208448
1611659
66311
367015
1782743
280795
1540734
1546974
1243554
680295
1670717
1736355
1655134
1783441
679603
605184
403898
573291
801777
643317
739487
152014
1456657
1715416
739925
1462224
1072836
1117994
1232132
723206
216596
918675
204210
989392
1232803
320007
705568
1127103
1244731
761206
141664
993163
488844
1714383
1355785
1005600
858186
741127
873402
509364
1636126
1094915
357519
11031
1305990
929012
523331
1423036
1052044
1041591
7629
1146017
1618955
747848
856269
891641
846077
1152777
925520
963279
1729690
910917
23924
1180038
1329126
530469
886166
1059364
461329
117406
1373001
1088583
319318
1538502
215982
406489
934217
929678
820432
1795190
557071
919979
390606
936308
577728
985787
1690590
779460
184296
212010
1165385
1136249
168379
1255736
262083
1004245
994856
1592545
989114
1292544
1740967
1149162
288670
1748990
772505
441896
695824
1710279
574344
1680462
144662
419754
1110590
1617643
1347723
857272
310363
1463762
816785
131501
1321011
1202350
184775
1394652
141317
696571
441678
335528
1152807
1295836
1123070
1508559
542553
709248
440136
793613
1710976
378318
1588438
1702879
1640132
669153
39753
487958
419492
1693801
340767
657443
362396
1594269
1595328
1695194
1109439
267165
416789
280056
574886
465023
1574825
1048190
484524
1077443
1193590
595411
537359
726600
2968
298360
1205533
825875
1446352
335666
248921
402147
1706353
569922
626708
283903
107693
264233
1131551
811817
1028285
1707671
5378
1384585
1549034
1018556
688555
320606
977837
1106741
1107685
1154813
269451
699716
1482334
1360643
907842
1656724
1567096
956627
1305447
1401774
1295679
950482
1278092
1369129
435068
1309824
1278387
1273361
135063
1491938
353476
1767796
1763521
1131866
1782264
1712735
1388561
1497635
1688417
60565
90372
46787
912682
415641
1104982
845937
1443653
127982
1612943
487472
59773
842358
374505
1313939
1416351
560098
953515
1168329
1759875
724628
1273139
1604205
1152331
985486
506150
1777290
1393797
1340642
862540
594824
380867
33743
1246614
105108
780730
588349
1029795
248769
1684974
589407
331148
665939
218274
110524
1732213
269249
1657059
950104
1484354
1458949
304494
1754631
1487567
445917
54680
1531320
764985
356355
1400105
556133
212028
1321028
407409
765619
685821
624132
103239
37824
805851
1362811
1281751
618306
608952
677328
1592164
353778
1373628
995894
261515
198264
940439
919240
218551
1246350
1101206
1164715
1329257
1104247
486213
65640
947999
645468
791617
1535640
1218123
1323645
1177204
1494244
1400571
681892
1704947
1530749
1308404
364393
262876
1683662
1175532
497590
1387619
1374092
211295
738744
877575
252635
1504142
651529
98434
70146
1325907
1651198
14559
780899
933786
325020
93543
651949
530242
963180
923485
1152432
294964
1314369
1169151
117689
679969
25227
812717
892694
1279464
1470745
969277
33145
333524
1226427
157331
1672061
669473
880354
1610873
1147546
66312
975071
1620234
64534
312245
665494
993731
8387
570091
1159519
752663
591537
293765
1607504
825940
1091438
1429658
159508
707454
1661373
567118
972829
929131
978841
351631
332287
305637
532386
35302
1186749
266789
884422
893191
430042
263834
1424721
1561930
446943
1463546
1178012
1205810
1748654
1311713
1353307
1401745
258138
1766280
1000189
1195019
1620766
1136283
63942
1294223
955805
487071
1239805
1249429
866075
236298
363725
1359385
497706
182159
865439
1300725
498190
942229
1092211
392422
176236
730593
439318
242070
1476225
1354632
457849
376386
879743
335543
321559
533354
350092
971985
617154
928834
75899
10133
1641924
657653
1045645
883617
798615
1535975
1235134
1776141
305800
872376
1616505
837822
820099
1062426
715868
1176953
1350712
172553
1119814
1632698
479916
156726
12392
907166
1134612
571846
460318
435919
312970
1585085
305318
415040
912976
920544
89501
1268937
367704
1039317
1327428
457140
1631858
1157718
1787929
301107
791049
1692958
1018013
469805
95950
1660312
215935
1408872
1145430
1760490
971415
1645161
82196
1127320
1281047
844460
400170
511443
175739
853064
394896
1514913
1596379
649023
111359
1038071
1411263
1100974
33838
64939
515097
641
598396
1160148
1460223
637566
1249984
1603811
388431
1415777
374609
1785661
473566
759491
595364
620082
1546993
183597
263725
915852
835944
500695
1021149
1566225
1463732
35035
1213687
357852
1417560
1179430
1666206
285602
352138
1230765
205455
1134983
558301
1394329
1420808
617583
231604
463109
705917
1680640
759485
1761236
317407
669326
1569083
468901
250872
876604
437388
520804
1622679
53089
1443557
1527893
1551445
1746292
1626478
1114897
1176541
56341
938540
1189517
1358940
1360683
1107676
985290
1069272
1305680
146135
1129616
303074
1428165
1459870
1761175
189160
642496
347830
1162152
802183
1624341
1612850
1379041
904656
1060427
947932
1441341
1299065
224074
1214262
753514
659078
462789
1302870
738769
1781009
176646
1069095
650440
346583
317790
217512
793244
1504133
1723390
357360
554985
1098703
770490
487063
260081
876443
1281531
325411
32915
335954
1212519
1322399
181563
1017669
1486769
1390221
742151
857847
1289033
19189
610959
469646
1366298
1431265
954199
1498903
1203392
1166972
1046112
937402
1310078
953084
711138
47121
292241
1000285
978527
1192011
1107624
1318438
107214
1347332
1606350
1675263
1408823
1402784
549799
526137
678887
794664
1078733
1698971
467951
1670695
693700
1480158
974423
793434
402327
262209
505315
1752272
768102
602292
489604
104454
304679
673316
421138
17076
1547035
1418671
1044227
908461
925150
1523715
69767
1091978
102797
1575709
485337
1037347
810762
758484
896646
527635
1040832
950586
1081516
1052731
1623876
55188
1247882
1385551
1185432
1410203
51628
13864
882716
545115
1285050
532446
718156
462582
1023710
1360047
1615396
985050
434675
744257
82105
922513
622696
1443433
447418
1715146
1077112
1442336
883593
152943
1496917
269266
785732
1656298
1600030
1028514
300046
109190
1777399
1489910
428379
1490382
1090757
449119
661020
1350253
1197827
69092
191545
1240375
313202
1309646
1274441
41245
975755
974117
1355036
1286914
1201041
1733839
1570143
1252058
1732216
1551826
630737
1579389
1404274
278796
337476
271291
607212
1394585
684911
1706268
555694
1241886
1547062
956913
860492
1548483
57439
465778
710415
1083365
1245484
353455
527560
1347368
698328
952149
840456
300183
1722936
112856
1706648
543974
1526047
842333
1087091
59094
431373
754495
672169
1174647
237754
1092617
1363108
414194
258251
743350
1160172
354676
1323410
653641
37167
708164
819567
899737
910462
357327
107733
1708473
1732951
889438
589334
1036294
326594
398262
592156
1418895
434207
1528816
7538
310657
1277803
1763746
1423939
778614
1407656
1243137
435924
1779732
40623
350209
906394
1533586
173046
1739855
362094
935288
1425228
393414
1440628
590616
1522554
1511572
807567
1494202
1218640
1056139
1537035
543808
757009
122003
1224265
1126938
632912
1677765
1257592
1730055
591092
449435
1788331
1649893
53662
357414
879399
1511714
92435
888435
760558
159119
1514334
650636
694402
251176
1540865
383598
642628
1519285
1249968
1276277
1574679
796896
1561032
950675
1613910
517838
1582946
1296149
972200
891255
297306
23122
168082
1706120
340424
1154576
834899
1523136
298308
602421
1183134
1731805
1768880
1476059
987405
370550
747773
867394
1479919
726614
425610
466820
1502226
273007
724412
251583
649424
1284895
1527286
972920
1193242
1662174
284045
397703
146409
1340648
442172
392328
1201856
1402044
127908
502711
1508404
459781
716169
317197
995831
682742
711390
1310059
852336
1050663
1360009
1522243
849322
1120260
1683872
883732
730440
1638462
1572186
511742
373342
1147042
1135417
250701
1608156
280823
932119
656288
922462
965587
976366
1759928
809938
902932
843476
637051
234513
962766
917947
1585123
427909
667068
1342117
950444
1280391
1628866
1428505
809399
1249187
730728
837383
1666256
1093849
17270
1413843
475572
1082755
903072
378369
140677
991566
873084
1131549
679203
1073210
110431
142832
376030
256477
1684523
501756
395613
940086
1412032
1020976
966454
1585982
273269
1630889
430515
965837
289654
904544
370008
1776930
1011715
997198
1659608
815181
856054
794392
1037739
1535048
493526
1132378
536562
50856
391048
1460013
336108
456196
729867
502783
554071
814398
1736663
1347183
1287787
395178
469900
249611
72004
1670
1287131
1492766
1730679
407514
1393544
110134
1715874
702692
1442141
1174439
1742039
933006
677580
651865
108644
1368461
281729
852742
1657221
1041440
1733416
1770248
1248460
1627630
63485
1031901
787501
271474
1663263
336503
1470090
1371342
815772
1766356
642466
322303
1218161
1305914
402480
1243384
1231636
758626
1217726
184245
1049136
757121
97682
1310591
1449295
1252373
57552
1085486
1528764
1674907
492247
480823
957444
198979
1149
1129128
1079946
1751602
789467
265198
1380719
750832
743978
445116
484991
1221012
538477
978626
240880
556476
564524
679778
1563172
595164
593022
1073910
388107
1781253
602107
705172
1381418
1242019
709339
1450883
1242074
705179
124526
1456775
137419
1634711
1688195
821065
1138148
280274
19561
1016800
504040
1116025
719664
61532
1070024
1601475
1643590
992975
1070140
1145316
1007345
337653
1302355
681364
1667080
311046
1525448
898123
912021
98937
1783742
715473
647645
751468
1766079
640959
915395
1325998
960675
1258400
1406402
1189577
413590
1312959
1497063
704629
1701545
1511096
596312
950889
1378533
1788534
632702
239539
207081
683915
239631
1520030
638682
1678888
817323
417955
1562398
542536
252323
1204582
1298488
768265
1700481
1020179
1736596
784441
1766086
1156364
293807
40296
1200207
976304
617301
576431
735120
1461438
680503
1205822
147655
816003
1469659
351697
667038
276640
507037
1512938
128172
1615184
511704
1371103
211306
99960
914198
1789674
978696
1571298
884641
1780513
365595
1340843
57940
1543864
1599119
434251
247006
1483862
1659237
1491391
877098
571560
587501
833901
1125967
969976
354018
1296041
1009115
963531
1685147
1230816
861900
241230
894501
788915
345119
165720
856678
408983
729353
1579800
1684258
947709
1634796
739543
1241739
438680
1008929
101711
1260844
1443230
425651
933836
925923
982052
1547657
410283
872656
179389
530925
37126
62907
1103369
1624997
615316
227063
852659
551154
721406
1756971
663820
356751
1735895
1014492
1374966
685531
223840
1317159
1197613
709024
871084
226157
201236
957346
1373865
1342534
1757799
907201
1525626
935259
1582857
309413
387976
418935
577412
1762886
270968
525003
328151
372497
1186570
1612186
1759719
1105527
134
73182
449636
1299950
332444
1765873
1454056
235322
891349
1546604
1419112
123668
47450
101042
1024898
1458689
296520
1022828
1156000
27899
1011526
1165340
1627852
1758483
789356
114035
500577
442786
1173333
443239
17594
1486638
160899
702342
505904
1502920
784514
108212
571669
906789
180554
1363600
1099774
567650
127679
1124140
1339990
1727896
159492
1741881
518861
514421
823108
1018311
1259785
265530
110201
1137909
1451253
1119880
1133072
1451477
1016744
959385
234279
1271261
446810
1685323
823899
934404
757760
1118933
1252000
295074
1778906
615170
1181348
398453
1007976
618279
847745
709218
1184581
1157784
1665540
1376952
1421252
116717
1077462
618473
1603968
1648713
11074
18029
1106798
732453
929949
483300
598820
1767625
542617
73561
1246477
733014
159458
109939
72472
969727
173026
834948
1419057
710499
1330485
1098574
993199
491336
1572172
258518
906897
1199552
961360
1429911
842353
1350896
725184
1381545
1691109
893782
1229753
433196
806065
1793743
1311706
967892
282749
1210943
248438
929192
1521227
238886
1125510
218181
1149450
1051896
480106
1656386
1117434
1382253
1149114
1555844
251561
1584491
1649255
1566435
1413426
1300476
713385
1775974
981490
1751510
1522723
496265
543363
287422
1710956
260349
959405
197821
1751731
375961
587629
1447800
1771957
1215662
795671
1085705
1192381
776353
61902
256324
1078712
332169
588477
1046362
438156
248994
1447662
584578
1541159
1074346
109769
1571001
550996
1235914
222862
233829
871462
1148909
1176426
1569342
701475
592943
294453
392552
195398
1074996
8677
765353
1005933
1513384
1036283
200124
1563135
142104
1139604
1069875
1336414
399046
157146
430444
516131
1194341
1383513
263136
408731
1299747
1679473
634473
636827
1569073
260701
1513779
1054441
767642
1264983
374236
1601457
1387722
967231
305211
188910
1404087
1725903
662097
1332327
262873
1520996
1241874
72412
837642
714994
115596
1421031
605811
161698
390075
1008932
911126
771876
1678362
619641
245155
350892
386454
200436
3253
1651787
1474073
1226269
1472706
1732312
724651
1417595
1579871
29935
695070
709211
969789
1512810
1059339
245619
1707163
305514
625789
246246
634329
1130697
1213811
618043
1116150
992830
1056249
999718
100571
700413
1081066
785321
108426
683686
1752502
577345
1078485
536456
1162866
83627
1123875
385688
1375565
556885
179879
752562
828510
1532134
604951
92746
1009026
682952
683799
1318066
1298668
837260
57657
1767246
647976
149167
1548538
767839
1591242
660016
240670
43317
775291
211652
178915
577851
547207
77041
1384906
136549
860243
1631595
1126099
359912
1324720
1661690
92383
510138
1200723
1415157
328903
1431200
1424761
764242
230808
587453
163925
549522
16330
1696361
1463133
599638
775325
959685
607201
1607226
1462294
988227
732447
931931
1338441
1618158
1019866
1197017
262869
1113764
180895
1680530
1338039
1514476
1319105
53417
384693
249002
1529853
152430
1602453
34436
970316
1147825
1746646
1674766
1167257
217987
1300030
49321
1622487
1086028
553277
766514
1582145
1544287
1253604
1763036
854539
316454
513915
461688
2647
1128160
1017343
766243
824502
1769986
334875
539835
460545
1456477
1548810
869901
1009167
1392873
704253
610236
1087635
1725875
838500
1181096
1076529
686210
1525094
1489393
894628
1001481
1371830
1676101
1192597
1580367
1475701
705201
1589276
1738270
594917
140366
108028
1214576
1165526
270258
1358274
638336
1141933
732134
1640647
162897
1344251
1700319
149660
1622475
3567
1172302
1379299
447503
1034364
265014
820465
1729213
802870
1269381
1142190
433594
1309228
1710254
1472036
899244
1715917
1046469
145315
579000
419358
300860
1155141
1079503
845175
888380
170351
1486327
1351672
1732609
171825
921008
88317
1031088
1356377
320297
1535758
357049
29692
1530220
1186199
305794
219993
567868
870604
564633
1614575
803681
1079750
1568262
609806
913117
1063949
1007857
1741139
1575692
1379406
1395451
628474
1176075
1578203
826205
789574
1332689
230510
1179037
466310
1484066
1616696
853357
1176220
189598
1075172
704281
630501
310814
601543
1625791
1168826
1161471
1582652
723834
1690496
1091347
1251121
1244263
89952
1255045
1494958
786177
1277779
763501
314595
197051
438447
576348
1104681
1238824
685479
487712
183667
1775014
1080161
186727
285615
481695
721198
334011
1641618
101764
238880
1630749
463818
1644486
711790
1266462
1262859
35040
1104855
17747
1166709
1629483
1161768
344047
150765
375787
1045739
1251204
1551030
1731686
176856
60439
1546872
869614
1701304
1479567
1494689
779002
1041741
644268
570511
31784
1662012
1234947
480801
1480660
1523834
1337981
597439
1642361
424947
1702247
1387484
943766
989529
223112
1393032
1774462
1390342
902206
42935
1395642
250292
848322
1491072
922912
1193891
703824
1702897
1706477
43635
381930
293074
114230
193589
605112
1267010
136709
1650508
510443
134343
1535187
1483752
1593899
715445
535837
1293725
1349073
1059202
1112226
719794
343959
337764
1209408
801406
994621
1618795
1496007
1380379
313832
1349931
1534826
1127366
1491246
1122670
1377459
1102299
721770
217791
776071
1063327
874720
37773
1378916
1735433
1484437
1125024
1277576
1334150
533844
944407
1041858
612238
1234138
989366
352469
864878
835159
411859
1548934
1367711
409079
146557
1676881
258164
672421
1073121
1332720
1043364
1549516
1262360
1001131
481261
580929
1015988
1090
1351428
188163
1219500
900981
206294
235017
565111
947299
252867
544724
406723
1015108
1312005
1201620
256523
1081601
301001
322481
1456018
593262
320475
898856
62713
407427
1554562
1177461
963889
1220122
890190
1184454
139155
799254
473060
1087264
1471037
1738313
685975
288835
1013691
707118
949575
939015
1691549
639161
1423709
387920
882758
851287
868386
863935
1257126
96411
789230
799558
626358
16948
278247
580249
626947
1714810
1020711
1107610
605929
1661167
625273
95271
1334786
1610848
41735
217707
329703
789194
1182204
586862
67224
1442081
332850
51515
1176842
753136
1164885
786997
1715025
1626817
1416196
22198
13345
575104
1545815
1020338
699429
779999
1108639
1217232
32857
279385
82553
457835
1592281
1696668
1017341
903268
622956
16665
762459
1261159
867002
69994
1060990
106107
1363996
214951
988231
727168
544527
312249
107891
1192084
226011
588502
685040
1747934
658386
1225946
1450277
1633146
269888
1442851
1710432
1494076
1091434
740876
1483017
202931
679848
399741
645094
1768292
224983
250847
985488
1486434
166810
1717541
791796
1420734
946956
1471667
1170353
399942
157670
1630208
676767
781536
1367388
1790089
1384162
998537
9116
489729
597321
1138191
977120
1328939
1139511
1572474
305489
268794
1507081
1729189
612352
1695710
1119555
684392
909936
417293
393016
1785535
227570
997678
552143
1340470
1082461
1282958
404406
1198096
16806
910062
246536
693597
1520244
102483
630613
710722
579954
1570764
744184
632984
1402423
1312122
815844
547102
37980
1643162
798066
1055609
771847
1355828
1239603
419216
334558
1395586
1233825
713751
339920
1353750
644545
860006
780188
1393924
350178
611376
94665
1546586
347609
49594
1655508
676133
1212518
933415
1442660
1485022
1734771
968681
1469018
575958
783938
436737
71529
671233
636192
837165
725402
969520
1337577
427730
776518
1694779
157882
1410937
129274
179816
634268
1755320
1587583
70135
662623
1477599
1651467
809021
988224
314253
717770
488815
1433112
1478058
246955
1423032
1439876
1533864
1391346
1676967
1348479
1725298
1659910
1296393
429710
767289
449436
954550
582831
1607291
676124
1141754
81409
1212933
329386
1684404
18962
864957
729413
485900
853486
1780167
840392
836793
1116414
1394862
1203009
957527
99195
907528
931091
1005068
592840
463176
639756
107892
82659
554083
1701199
366312
36435
1106277
477812
1080671
956740
435204
1595007
400058
907561
1047159
725871
382593
1494205
1679450
254937
826259
472939
598001
1661826
859785
51328
1366193
988340
1315976
1075138
16578
137610
1224298
1069388
439168
1075342
61176
62205
843203
227275
1715581
1168529
1458745
298182
1168146
1564974
1494830
1063730
408802
1642379
72357
437978
303534
158546
1557319
1462393
484157
1175593
474560
415405
1073375
671409
1474420
900784
1132450
1330454
1454764
1183487
673560
238322
1541394
568532
761944
607065
1167394
1760041
1281497
69444
1233590
1673443
730545
1482873
675602
29806
1189729
173257
179537
50213
1621303
921646
716415
289199
344504
1642718
1032423
813698
347021
813251
1477388
908528
653678
206899
133270
23926
1008379
767303
588392
1418805
654679
893307
1551153
377746
1315493
1173409
1274952
560881
1623423
612502
778254
108941
1379562
215605
1686951
1471458
1418095
1257838
65128
92404
149634
1429627
424301
663376
1705888
545413
945815
1016073
1199076
524183
1056461
374035
959396
175534
846745
1699652
1690796
1264070
619153
252787
487075
436587
1263085
1553272
59715
1190811
1614584
631146
310409
742568
158049
919774
1258631
1697455
1785907
1645857
184184
376367
1309160
799431
1602621
1661499
287527
536514
1592619
127795
1326500
1095228
1504116
386177
837634
600651
947461
169678
682349
1570047
1627111
406418
570333
1104216
493297
1347091
965052
1603509
1415172
1507317
1339047
1792154
1335651
1476949
1025285
1528322
1217981
330731
564394
280797
1003601
569995
329928
621888
121984
247344
301965
989199
1587298
1013743
681964
1446351
575130
1719419
895204
49405
59035
800655
714810
581553
1441059
806342
168684
1266260
281721
1353234
620730
1584573
815225
197041
373073
813867
1344837
620725
1753309
375042
1302841
123996
1427590
1370509
1482883
545114
364811
468304
953219
1774584
1539360
910372
1144887
225121
865595
790821
505259
579502
904009
570993
524746
1288266
1639539
1126330
1278351
1428069
270233
595598
1775822
1389918
339857
856702
397931
1440670
38051
840446
392827
964394
1044330
792486
1343716
443904
1701024
1158866
2979
5988
1422689
283570
594143
1188046
1207995
1359302
1146816
195092
572691
1690125
1412607
737431
1582767
1033717
815821
1028996
1756396
24577
1781540
915322
728363
815886
1275799
194118
1331511
700385
92462
1685751
478501
589275
397044
302486
330314
1362293
895325
395546
19556
202420
34321
860011
1391774
1345340
1732108
1000280
1470332
1760201
1612803
929261
429381
1111934
284379
1317772
1007884
1779220
1139245
1737828
1476876
405640
314310
1157353
255535
1098066
1727998
134707
1265028
1077496
1004315
518074
1147114
1448529
1606783
1595379
930607
1260739
646340
421020
204342
1548287
1100387
1044884
1250310
131776
1332283
1418252
707156
162792
23627
993138
1377287
1306188
1067705
1356884
992860
131335
921996
1497470
713101
96538
1013305
1113336
1402506
650011
20588
1005119
346106
204186
97292
1178786
527421
932543
41932
956552
674478
448321
7107
1545490
213806
1347965
1495695
320756
736553
1698214
877163
750844
1592725
807525
89638
1299238
726348
869276
535223
112743
41636
1602465
850551
1288428
1581309
158989
1657280
1229111
1154893
1543617
1586241
1682714
1597906
1228264
1777639
432791
794481
34734
435215
493753
1345338
1332280
41922
1014021
437934
4534
1140172
235424
187028
963117
764131
699915
1313832
971634
992517
294114
318189
1583537
528184
13021
937152
1372919
157297
197238
400364
870081
848045
1067834
373258
252166
152687
404126
353719
409826
420059
1392050
1693750
1030369
1465392
1357503
293240
1526941
1178353
1617248
1666165
889099
1688190
807044
1520099
1261700
151003
801148
452598
1488145
1248725
173595
1175851
1787869
1137399
170991
1713286
1136421
863694
604578
1679950
543727
384439
409946
1077041
1720721
1607158
397520
1764325
941831
695199
698572
1613544
107538
775467
748083
756890
67595
606336
1198904
204199
557936
984526
148049
539552
960344
1484967
1183674
355702
1372010
603527
1345788
1130531
778676
1701642
1719822
1013400
291627
168176
205721
1147721
406470
