305489
1328088
1511714
920494
1119555
238835
356355
562355
1795190
1296149
922499
1458949
1243945
341109
618306
902932
1598118
440004
1457088
1471667
1313832
368370
168749
1157784
838500
900784
1292544
1344837
817868
1547035
1031758
856269
702692
1496029
387976
1733839
306582
29286
1752272
1060990
626455
953084
19817
1494205
1410203
1385551
552216
1373628
1128717
183667
482668
1005933
216596
1518676
366312
1737828
1141473
1028996
899413
19189
248984
617301
7629
1397718
1294223
705561
1453549
1073910
1075138
961869
753514
553277
735501
868888
263834
1611053
1339047
837165
233995
1044884
893782
1360643
1129616
872376
1567096
1303527
1777399
1753309
256523
219288
1332283
1041879
1380974
422116
1661556
622956
1666765
794664
589407
1541615
620730
685975
87949
721406
775038
858186
589334
268794
1300030
1384585
1462224
1062426
1429627
447503
851953
988764
992830
1436622
13460
1561032
1661373
1012640
505818
776677
553635
1741881
726614
465460
751468
442786
365758
265025
1252010
968681
1565345
1715917
231604
1767246
1218161
69994
54069
101711
519856
531338
1466120
91487
528184
144985
1700481
1459622
351068
1041591
1115194
110781
135063
1391774
1644486
504040
1359385
533161
47450
84002
1222829
470402
1622679
1432255
668120
327091
893191
248769
1177761
318189
1443653
1471458
1248381
1205271
575876
1541231
288835
1713286
734003
471366
545115
1440670
746168
1716049
1417089
1154576
1625791
1393924
891581
1475796
1350896
817323
1019866
1479420
1663263
19561
1495209
1219500
1186570
989515
1191901
1772231
726348
497051
556885
131501
293765
1014708
59715
305514
1696668
1317772
716047
419953
293070
999775
674478
16861
12392
505886
1334341
867431
357414
577412
1504331
192373
1427590
351532
771876
31784
1290139
1246570
1596379
1675664
1179430
447418
117406
1521227
726017
872468
1641618
742743
1678362
377746
430776
535223
794392
285719
1255248
1587583
1520996
1148909
517011
1183893
998537
84028
1715096
2968
1615396
844151
742568
939015
332287
1706120
1015223
1481000
999718
837634
1031505
1570764
888435
1353750
1311706
1165340
1744080
210872
108212
320606
707454
27391
1624997
1502821
863694
493853
1200890
1119203
1775014
688555
1736596
1358274
1104247
351697
1379041
142505
1363600
775215
1028285
353476
1466581
1305033
720181
73209
416789
1338441
23122
1592725
1081516
1697271
1255161
1476059
730667
778614
813251
968498
532386
1507317
161648
1125967
157670
865630
963279
275697
1315976
780600
1428505
724412
930612
447709
582937
1138148
152604
1733949
427044
822873
1621303
867002
779460
1193242
781536
185908
1362293
325020
157331
917947
1332972
1572186
1511572
278247
447767
172553
434675
1656724
905657
630737
1471739
223840
588502
600708
115436
921996
301965
215982
1640617
953515
1408872
1736663
526137
678254
950675
733584
934404
532446
969431
485337
912976
974580
493297
1083147
157297
1226269
1175593
460545
1638850
370643
810762
1724822
594367
1483752
330314
173595
1065756
1347723
1262197
1152432
582801
825940
1025172
1525065
1666256
1149
1350712
1452407
1436878
618473
1071040
497681
197384
947461
293074
836793
933415
125200
1373865
1044316
735120
206294
1518422
1551472
1444034
425610
1520099
310168
994621
54246
600993
580705
136866
1020711
889090
950889
924084
896098
270233
384693
106355
70127
1770771
678618
1003396
1370585
1610848
1224848
279385
1540865
17594
457849
572691
1265055
920082
917082
1723121
209221
1746292
1670695
546133
110524
225891
612502
1309824
1639539
685040
33743
1548538
1423766
1090
224376
1231494
1440863
1194893
480106
868386
963531
710499
435068
8677
1016213
407409
1113336
755533
55973
1280391
1466062
1487027
748083
1558852
754035
1006099
1104051
1260739
988224
992589
392422
64534
372603
485768
1388113
152943
1540734
1194869
1232803
650636
436737
536514
165212
1441932
1480158
415641
29806
1033717
1443230
1641899
51845
903490
890190
3253
1497020
94984
1611777
855623
1666165
1670
1023710
1367103
922322
1377287
1421252
1703941
649023
1661826
271474
347021
320007
774879
1000495
204199
1551445
1441059
901548
992517
1226892
1317302
207081
1504133
1407656
646823
735934
1193295
1392471
129318
1095881
1768757
1128733
1346207
282414
929424
413590
1158419
51628
435204
1069388
539636
1342117
1546604
1451477
1258312
108028
359897
782177
309649
820465
785732
226011
880354
300131
1479376
1009495
444904
1675947
808497
1463572
1780424
547412
676124
1056901
900981
720840
217707
690595
947932
1014615
4534
1100387
926713
907166
1007884
969520
1133072
652492
378318
1747934
404126
820432
504006
709211
469086
1307727
1446352
275378
227063
1246350
1156364
608952
67224
486574
1774462
1162866
1430585
152014
1310591
1482873
1611659
1069095
571846
248303
991566
367966
714038
713732
1044589
1282418
1682320
989199
256324
546141
619210
227152
49594
55077
650440
587629
1472944
861556
1671731
663376
1393797
1156131
13864
338367
674870
876604
669153
1194341
1165526
280472
75899
1300307
1210969
632607
73182
595164
1397984
1323410
105950
1688015
558301
867206
82090
1134612
1043364
614884
729867
885458
1005638
1347944
1326500
397931
410602
551154
1198904
974329
94299
798050
1701642
881423
1098122
1249429
1554562
635687
314310
933006
1166972
1522554
1136249
1543864
157038
1327821
1177461
941597
868952
587501
552143
1358940
1033153
691193
1482967
569901
936172
1571001
1091438
284379
5988
1484967
1232132
179879
1072836
544570
854539
1522723
492879
1176953
621888
276640
1528816
1511096
804422
1348479
159291
1366298
330285
1428069
1302870
1489506
1788709
493526
1028514
343959
1313380
335666
1249968
204186
859208
1214466
898380
103239
780899
590430
1209359
1278387
1032149
552357
1008379
1680462
1141933
250847
411414
260881
1778941
1760201
552981
1357431
1736355
418109
766383
995831
60439
965249
1194419
901811
1587298
43635
834948
426514
983528
212713
1661499
1795873
123996
1546974
866075
238880
372497
1400105
1747014
1007345
544944
350893
1351139
1679473
669326
1271261
195092
802183
929261
13345
1261307
1759419
582831
305318
1504116
387359
457140
241242
8387
975755
283903
1109439
975071
1579800
750832
978527
976304
1295971
131335
1718269
1363379
1092617
1269381
806528
388431
1460013
935259
1580367
1776141
826259
1442141
82659
1357435
463109
853064
1360047
632984
405832
1091978
1101206
712977
1306943
1420808
730094
1396449
2137
1451253
280795
382548
450093
1243193
1347332
193589
974423
743698
101764
1494689
1573552
168379
1079875
756272
67680
934211
467951
742151
1278092
1564974
1334093
262209
1735433
789574
61176
1525448
38075
1351113
1331511
1186199
636192
593262
860006
340424
1569083
184245
390633
974899
763102
1682714
1366351
202420
215935
32656
66311
113858
516130
929814
786177
1017341
280797
636827
989366
1267010
536456
1389758
935253
1400571
1479895
1159219
1184454
270258
889507
446943
1528322
1418421
666431
861383
789230
1521788
1486638
1533241
1753414
721770
333196
320756
288670
898123
269249
1369129
1309228
785321
1653717
1619514
34321
325411
919240
146409
1268937
763501
1678562
204210
402155
1448194
62713
211094
98434
1597967
1211000
1443267
1423032
419358
959385
1472706
469900
1079946
182840
1336414
1308815
852336
849322
355519
851577
637386
1746646
598396
1330751
715445
71529
538477
393748
1310059
662903
710415
1411263
1659567
1381315
1570047
386454
1345340
780730
676767
843203
52669
1205810
955805
1023406
512973
1137399
159458
1535187
658554
1207335
557936
1254874
1695543
596568
429699
1197613
1753684
1016073
419492
657637
1773081
1063327
1402506
1096098
254189
884641
1266585
555694
1404627
1123081
107892
907528
50224
126741
1335427
1578848
1447583
32915
27899
826431
262083
486213
1607226
1450883
1355785
720668
1493605
1450277
124280
445116
1227987
248682
812717
576348
812534
67595
127679
1707671
757822
524184
614725
248921
1706353
489343
790821
1076394
1561930
280823
20950
872864
573315
1026467
953087
452048
908573
1752461
653641
1670428
1046112
427773
708164
1115041
207553
34436
1379406
1045739
375961
1766710
1108639
1535314
451132
1680530
1295836
607212
776353
473060
334558
1107610
1544287
1674907
466310
468834
1360683
1484057
331148
943696
809021
1655134
329928
467905
1030369
339857
159492
198264
287981
962954
322303
253636
570091
1045201
1336001
1634387
1701024
896857
136149
332850
1038071
1688417
1676881
1334500
1209997
492247
1762332
1205533
1777430
1782743
386177
1504249
826205
177400
121984
961360
663793
411067
1169159
59230
271185
124526
1302071
413830
82105
94198
919979
1034455
822007
336108
312249
1059364
1732213
610212
1504142
1635876
950444
673560
1275799
671601
258138
862057
252787
16330
487712
902206
1640427
681364
969789
1735834
1443351
252066
402480
607439
116717
1516555
1129128
758626
1470409
1118933
1615184
1541159
1675263
19556
4242
17270
1585085
1222744
1299747
880855
1088583
1723067
993898
1430381
293240
350178
1289033
1491925
619153
424263
637051
1128652
1097345
100571
1525626
1239603
1172500
1397946
1288774
1570143
1147342
1778906
569922
426530
1606957
1607504
1275337
563135
1035444
150508
1080161
220840
651865
1699652
251561
510443
969277
1514913
56341
1601684
910462
1562398
929131
875069
873323
298360
1004315
879399
102797
947709
105108
1587219
303074
600990
954855
1058775
33838
125654
870081
409946
891641
1021656
687622
393414
1578203
1442081
1065764
1281047
339392
831045
792486
800655
579818
65128
765353
1182064
94665
1770248
1364603
1628866
617037
239631
1372229
1390342
796896
149167
1525094
1027515
1259518
1648713
183597
606336
1740967
285615
1282775
256131
1702247
287527
1008932
194932
959685
1302841
1167826
1584491
856258
176646
468304
1508559
971300
317989
1697455
893307
956913
916488
1352322
1356377
216919
780846
1466313
313470
107214
463818
1520244
431373
1613032
1130531
956627
1276277
1127103
1754631
112743
70146
592840
1138650
766700
1305990
956740
1274952
1488145
573291
373258
47121
932119
146557
2647
334875
1417560
1178746
568698
1197082
667567
40296
1447800
1528398
861900
1171091
607201
1035054
960675
26451
1131551
938540
312064
1659592
904009
37167
922912
1130697
1763358
705568
1569219
22198
1157740
694402
149660
865155
1719419
1492766
468253
1603881
287422
510138
195131
791796
943766
1692958
1602623
212010
1071438
545114
1551153
1706268
620725
468901
1656298
596137
598210
556624
750914
355997
659845
1210015
55497
322481
907797
51061
1645780
650011
1650508
1338039
235322
814398
1069272
1593899
1329257
764291
134343
557071
1135417
1137921
125628
1275706
1479245
625217
1679450
212028
796749
316929
102483
465023
1034364
283570
1521136
904656
1611774
175739
1099976
1186749
527560
353195
237754
91358
1553057
500695
564633
832741
492899
1330485
11031
1499639
987943
852947
1221012
1478058
66992
606233
1540872
1680640
598233
762579
391048
90233
605929
1106741
1251121
1318066
612352
32614
1129277
1531493
485228
28108
718156
564545
1649789
33121
963180
617117
428260
93061
856702
935252
940086
1262569
1183134
1602062
325654
1147721
1010349
317829
190970
539265
211306
505904
305800
82914
414050
173026
704629
435215
1345590
1466344
1418192
587377
441333
1069876
1316918
615170
877163
349768
440136
1078712
69444
809938
1448529
1288266
1412607
397703
1749056
1060961
242070
1132378
1139245
906394
101677
626720
625298
1410937
420338
544527
1065578
766243
934217
557392
1018556
729413
1755320
1310993
1052044
1568262
344504
486632
736406
1445268
1273139
99330
218323
904939
1136283
365043
16948
1435760
1293725
1402350
1487567
1245484
1502226
261515
963117
1474073
1203648
895204
392827
595396
615316
148049
469748
1611930
977837
232459
570993
586862
1168826
1416196
263136
882758
137419
1454764
1627111
242397
262917
248301
906422
765619
1176075
1167394
1151340
1020179
598001
914823
29692
1079609
1626478
18832
1518100
1154731
11074
952859
992975
241230
842486
269451
269266
1496320
1551826
1168329
975338
1374966
1614575
1415777
1556446
38051
161698
549125
210602
520666
1777290
705172
783869
780938
1288428
1372919
590616
1603509
891349
430515
380689
1239805
1204243
504261
1370941
568898
205721
1226852
766663
588707
837822
480771
965587
748612
419364
435924
543808
1311791
105874
1102457
1193891
61433
1378533
941859
251583
217512
1729189
1766356
1167257
1710956
285060
1632698
413054
1640132
184775
227275
1791881
375042
691521
79767
1592164
571560
357049
1237258
824502
1215800
720388
306095
795470
637566
350449
679203
729353
1189577
787899
1550449
1009026
373704
206899
537359
554071
1409062
893484
239539
233829
1666206
1742039
1343716
653992
577851
721198
409961
1710432
536562
948227
1512167
1090930
1059339
359912
707249
1620766
1266462
964394
588591
734211
69092
823108
751671
1757799
553930
328903
1300476
318472
945431
1401745
1752502
834556
1727576
1295679
1756971
1657059
567858
617583
342563
69637
1135469
286181
738744
946473
768914
1715146
1523926
347609
1281531
775291
1615782
942229
992640
146920
294321
591537
1333449
887303
1007976
1123070
1482334
1634711
1683718
596312
1375979
93347
336503
1185432
1748990
23926
1172302
184780
1401047
1362588
1480660
567650
1100974
580249
1289663
577882
1600030
863043
1428165
1502920
1785535
329386
1476225
314507
1533586
351922
171825
512997
1344649
823780
1005068
1073210
920264
899737
312970
1077496
1154813
1266810
163194
594824
388107
1371830
1329098
1763746
1523136
615748
837642
442172
1608371
159508
1502406
1009115
502783
141664
987405
301741
770490
1603676
737431
411859
567868
857272
1135662
361376
637904
1668227
49321
488844
14559
1514476
1483433
1241523
399942
403643
505259
934895
29356
898229
1116025
200124
989392
607065
1706477
1603811
603262
246536
501756
693700
107891
1713139
1528764
767289
796040
1182204
1176220
647976
602292
407514
1490900
137488
1483017
693597
399046
1604909
339068
1231636
1242515
64523
518074
1056249
939227
1496007
1056187
1394329
1454056
156726
1762713
1402044
417293
209951
642628
9316
1775737
1413858
1563172
173257
1767523
249002
935288
848233
1732131
162897
1555844
1594269
212683
834899
1778702
1278351
557957
1322399
123668
1513384
1137909
581553
1004859
1715581
1779732
1204582
1134983
1552800
167659
1443433
310363
713101
1761175
1413843
972920
1729690
1526047
1080082
884828
513025
1790142
206299
61532
374035
1462294
559858
195398
1457684
1257126
1335651
997349
1060017
1460223
967892
529274
682742
1747565
1709801
571196
480801
1238339
469306
747773
317790
681892
267165
1298668
1288694
894402
618279
919835
1751602
24577
1423036
1591242
360063
476613
1232131
593022
841639
376388
95271
1715623
1360839
1124140
791617
1479567
1234823
921577
92383
1078733
270648
860492
846745
1126330
1715025
1354632
1334786
149634
950327
72412
890483
1235914
364811
612238
1240125
546316
732134
575958
46787
1258400
488316
176856
1016800
224074
1091434
64366
1091347
1077443
817917
1793743
642466
462582
740876
1380719
703824
1701545
202931
29935
732447
662097
815468
883353
1659237
196972
1030578
1402784
50188
1486388
327048
305756
1731686
285602
1528974
1160236
1249984
795671
1128160
359698
1131549
1277779
716760
162820
1394862
865244
1121438
556476
51328
594143
805851
1746182
414194
440496
56036
109939
638682
930935
1759875
1340642
1546586
1612186
632702
1147546
1381418
840392
1350312
577345
134
637459
1695194
995894
246955
1048911
1707163
270326
1413604
334011
218551
555894
1052273
1683662
1092145
527421
705917
725184
1706648
1305680
382070
858236
641
1373001
1261700
1462764
448321
1046710
946956
1266260
113901
169678
1389918
1367711
890739
23627
1301267
947683
1306188
521517
1022220
898856
811894
957444
660016
1729213
1658805
604951
988227
1470745
888380
466668
811093
395546
402147
1675709
264233
294114
1007857
1077112
816003
1654302
1121906
247344
1704947
1659608
63942
1374870
1108058
1282554
662623
1608530
474560
248994
92654
1287560
700385
1013400
333524
250701
384439
328151
778254
891255
719664
988967
99960
1328642
704281
889438
509364
977712
1766086
437978
922432
543974
197275
624306
745447
158049
1059936
1684745
896423
688335
1140703
1762310
212583
933786
9116
303534
1609130
1461438
280274
1775839
875233
685720
801623
1379562
1152807
1715874
1112226
1763521
1513592
1154893
699429
903072
1287131
642496
1076732
162792
66312
1710254
254937
1776930
539552
1781009
1269078
862518
187028
1018311
1264983
314904
977120
449435
1220122
1036283
544724
798615
773659
1219469
959396
960716
1635904
1114897
683959
822686
156728
1374370
1527893
473566
1582857
181563
188910
1530220
872656
269812
429919
1655508
1571458
1713948
1593744
940783
1539360
147655
1107676
813698
925923
665466
53662
467278
1060801
92746
1295659
262869
865965
1762886
55188
234279
1201856
1585982
385688
900088
319318
219910
796117
1297658
853486
366288
1494244
1044001
1702879
363725
1441341
1368461
815225
1630749
1320745
1407213
493753
1280737
828510
1643590
1075342
1432830
1119880
1267901
1676967
989210
455192
168684
813867
1505490
285742
1220955
416906
311046
252635
1362811
226751
1372010
1685323
345119
1283136
842358
258518
588349
1504027
1601190
1155141
447792
914248
1192597
251176
1571455
1066875
363605
1192228
1038761
1262859
1676101
73283
357327
1213328
1548266
644268
1337021
4685
357852
1744020
350092
978841
1050248
1661167
789194
1463762
883379
392470
1056139
1246614
184296
355702
919774
284045
545108
409639
964468
1243137
1168146
914147
1595328
1258723
760558
595411
1008318
535988
1747108
967231
387135
1530165
1080671
442863
570333
397520
1158866
1509152
1638462
846959
1585436
597439
408731
1446351
850551
1253604
1198096
747848
198979
1636695
966454
223626
1207624
545413
106218
835944
310657
835159
681494
1123875
709218
186411
98937
1372774
1082755
446810
1541394
1586899
927385
265943
220476
1533834
918675
723206
1556513
53729
1173333
406562
488815
1429625
789356
354676
310409
280056
727480
542617
1106355
754495
950104
1265632
1252482
466820
1701304
1330184
843476
1710976
128562
954199
1535758
607058
35302
1688687
1357726
594917
1067834
1248158
10037
988340
1212519
851275
1630889
1688279
875738
1238762
1416351
582216
1295447
1522243
179849
1608156
1046469
32857
319113
1141754
292032
298182
801406
437388
709024
349534
569995
544766
163220
1506250
679969
1104982
700413
482667
1674494
1241874
1713682
1768349
271640
160685
353719
1507081
507037
1167661
1594476
630613
1205590
149769
891367
420059
1030867
351631
1167496
1313939
701475
985486
1535048
325416
1213811
1609083
654679
937144
1626817
415040
1404087
1479051
941831
140677
477812
1483862
738769
332444
178915
657443
1168908
158546
1427695
1132450
1734941
1017343
1651198
1126650
1511629
1471610
97682
936636
1544916
1296041
1349080
591092
1772779
485366
92404
1417595
1257592
157146
1537035
1273819
656288
503300
1685751
896646
1392319
818178
1044227
1291244
1328588
757121
20588
598892
757009
1739983
1249954
378197
1431200
1097134
1317159
871435
434251
1524857
547102
1241886
504556
449119
47630
947999
1735454
184184
1787338
1214576
903384
1751127
1450493
1491246
1550928
577728
344047
825875
99195
1619533
1665540
1054441
809399
643317
1293395
1310062
1279403
1137579
1285534
1631276
293999
730728
927300
463176
515097
478501
1618112
1156949
1305914
811817
539835
1719822
612082
1495695
1647111
1085486
864878
1627630
392552
1395451
630501
23924
784514
666291
1247214
110201
1125510
1239927
630042
743350
667068
487071
1642361
679603
43655
109980
92462
206492
1579568
1484384
185979
709304
160899
376030
1230765
1790089
956552
127795
780188
1618158
1308404
830715
1494202
1787869
1363108
1705388
505315
993163
1766539
1340843
134862
1370280
1693801
1284448
1355828
295838
1730055
1393544
923880
142213
473590
1321837
724628
1247882
235017
826094
1667725
456196
1785661
1094229
1357062
711390
553500
1691549
1041667
806065
77041
425651
815189
414355
42481
1228264
565111
422042
619641
458933
1317253
1778180
388616
641400
1358136
90372
1142190
1082383
1647174
1546872
1485022
1696361
1782497
484157
960344
962766
340767
1717464
1756396
546018
1546224
955159
1168529
663820
1533864
665939
1261159
1456484
683915
312433
714994
1780513
989114
1287047
162202
405640
335401
1375583
408983
717099
1153692
1412216
485900
1469659
768102
1314369
837260
807567
714523
1603968
1754102
1215571
1776023
67241
353455
757501
1031901
1548934
1234047
993151
920247
173830
1557319
1367622
1732312
915395
766514
1340470
604578
25227
1142702
53089
786997
373073
1283071
1579389
1203392
1094915
472939
1356663
1333251
1624341
889099
5378
547513
1298488
1695710
1788331
429381
211295
1549034
1461801
585226
1447662
914198
178510
151003
1689326
945912
438156
877484
579000
193932
1622487
1472157
1325393
1370509
1536562
380867
580929
1751731
840117
1227010
1051896
1609408
1192381
1167414
1102195
1090757
1248203
609806
836266
1780216
1130251
1626315
523331
852795
1641924
1592281
922632
660727
984526
1486434
963684
350209
1780250
1015988
1045645
1675719
1532134
1677765
894628
1030088
1607291
641895
1540030
233751
55205
1194722
404406
949666
39753
997678
1116150
1355036
1775974
95950
1359926
443904
57657
828711
404145
175273
1637576
269888
545400
1597709
1005600
1743883
626876
359382
283285
1388561
820099
699137
882942
736499
1176541
618043
1748111
1105527
1679191
1057137
527635
51493
1702975
314253
803391
605811
1490382
662003
65640
681964
92435
1220864
1035006
1682628
375787
1218123
1092211
1694568
944836
249611
893359
1157718
1530749
1234947
702342
153785
992860
108941
349990
452598
639756
713751
602107
753136
1201041
1184581
984622
685943
469367
906789
1374092
1344680
447775
530427
836673
668057
1215662
1686951
56489
698328
541439
339920
1579871
502682
947650
574624
1789674
782475
1147114
1432309
1340648
320475
947299
651949
1476876
36435
807525
993138
41932
542536
1079995
1203045
364393
1275539
29581
895325
1214262
622636
1547657
1765873
1366193
226391
204342
928834
215605
1217981
929949
1044358
334364
937152
1649255
322228
233936
1566899
89638
1575779
310353
1059833
909427
950586
219954
1073375
1245366
686210
213919
1042272
695687
1162894
457835
1176426
502711
1349931
529441
770600
726679
61902
289654
1378916
1097773
250292
1030327
682455
1600113
790100
265530
396749
1453873
749418
415405
1508404
290059
1310078
816684
1347091
1708026
1079750
2979
95710
1783742
59094
1456775
1326700
1293889
1616505
1423939
432791
671409
880794
1792154
203025
904599
230808
1769986
632912
979588
851287
762459
1181348
1473819
1418252
510808
307386
842353
1357503
1620073
456030
1442336
937402
146135
535837
1029795
217987
1768880
730593
1431265
1321028
1767796
1625180
1651787
743978
714362
1107624
1063817
238322
993199
1673205
176236
716169
1657885
1077264
700329
323833
930607
1221040
771847
607276
143728
1078485
301107
1483899
823345
1702897
1330454
1636262
543750
584850
221390
756645
429830
1705888
23736
1612859
1715690
179776
709339
799254
1234138
1199552
1616696
1252058
699915
89501
775467
516131
889452
1351622
725402
1376952
157882
250024
1290038
1140172
1462393
497706
1774440
1402423
589255
175534
963889
317407
283446
131776
107582
51515
1606783
1233590
1158161
730440
988406
252867
1307205
1000280
1274441
789866
281729
1174647
173472
1557846
483300
1324178
1388118
1086028
36061
645468
1572172
493934
687759
108644
807044
845175
1001131
1675671
709248
889208
907980
203003
1463546
556133
1280020
1733416
594910
1036294
302062
1328939
282749
903268
1260844
1255045
1345338
1013743
487075
74974
877098
310650
42935
1642379
903645
1113764
383598
859452
519952
1441585
624132
1235134
1212692
1649893
1005361
1612850
36488
1763036
489724
1351672
1561545
862540
1489910
260701
997206
1418671
595364
1617248
905955
1697174
1236824
794617
372311
776518
445917
1423709
1551108
1087386
1383721
910372
679311
1513790
1658319
772505
304308
153550
1429911
963242
449179
1491938
1387722
248438
644545
739487
1494868
136709
1001481
1640647
542553
441678
1632538
599638
757760
1428913
395613
1035357
1193101
1470090
1353886
238886
1404274
1332280
672421
252323
1564882
1127366
979792
1741139
405333
1781715
1298486
991982
1504893
1174417
1247266
1093849
1558715
1248725
109190
197821
356751
1393032
869901
750844
916349
254088
1736310
723609
736174
1780167
860011
1330157
411197
1024898
752988
424947
72004
266799
1419112
1310434
432350
1067705
1498903
108426
1068721
1265028
1595379
1013691
1719968
158989
205455
602421
1214299
1098574
240880
1332720
1104994
931091
929012
976366
1352683
387920
954550
1694387
1104216
1574679
764305
240670
857847
625789
449436
504698
392274
1026300
982052
211213
1020338
1766079
908281
421138
1033463
1512938
1722936
346106
819567
1309160
1240375
427730
1751510
1117434
1615402
1224638
481261
1179037
1588246
218181
155385
651529
493996
330731
258251
1169151
1665551
730545
1574621
1685502
1281858
1344251
1000285
136549
579860
1497063
326594
632194
1085933
262873
1473932
1524847
1355180
1409053
179389
481695
1529853
203330
76105
353778
525385
1160148
1671255
129274
1788749
650739
1286542
671233
665494
289884
194706
62907
96538
127908
982516
445239
1604205
579954
1656386
142104
909536
764633
18029
771894
1772832
1305447
1121774
39619
1459241
1305728
1083365
1650563
1085705
1178786
188163
1229111
1694779
679919
378196
1690796
1667080
60565
1192011
1032423
340165
1739855
1602621
657950
910737
840456
376367
1396827
1631858
258164
915584
226157
72689
1670717
1070024
774768
1018027
1389939
1339990
1205822
462789
104454
815772
1720721
571815
1484354
1595007
685531
1465392
1535975
652122
978626
945815
1646834
901215
1701199
911954
1379581
1479919
371073
246246
378369
1296393
1762613
1212933
801046
180895
107693
974117
1602453
1175532
1149162
201236
197051
907201
1629718
820205
1073121
1771957
364063
430444
961717
383323
767642
1671283
1627852
1759222
1318019
128172
446140
715473
88317
1144887
550422
1542446
965052
1574849
18962
706050
667379
461688
352206
915852
3183
1582145
1387484
50856
1690125
1251204
861185
1206391
913117
4500
1087091
365595
781820
1601475
455824
1332327
222862
994448
733014
1217726
518861
1180038
671957
1224265
500376
1371342
1022828
1643162
316454
944407
1406402
93543
301674
26077
491595
76557
309413
1530213
111359
968116
975914
391825
783785
335954
1662376
1318438
1324720
895751
1760490
1074996
81409
1737411
1353307
789072
44378
1082461
306738
1582652
1683456
1493535
154679
62205
1603462
1787929
552347
1455671
1456477
1282058
617600
873533
1122670
97292
714810
698572
641386
1009167
603755
672169
124514
752663
1660348
1350253
589275
561384
217791
257165
634268
653678
57552
1258631
613301
189598
1200723
1587438
181112
143652
1091397
717770
107538
294453
1337981
995738
1785907
846077
1183487
980299
922462
1544763
925520
214951
859785
575738
59035
10222
112856
1496917
537767
507951
1418560
1097309
841086
1211271
311259
793434
1047159
1679588
261356
1732216
1018013
692669
1631595
145315
549522
784441
697565
991891
1569073
1313690
362396
1706980
1139604
1103096
776071
1387619
512988
1111934
1197017
801777
41735
281721
1203009
1574642
139155
298308
1016744
469805
1610798
1613544
439566
1331014
266789
1414623
438447
1242074
1494076
952149
796359
1192724
1684404
488722
533844
294964
1575709
1081601
1125024
1494830
346583
1325907
1183674
853193
815844
1638770
568215
648071
596861
465698
647645
1774584
727032
1623423
568532
513915
157854
374236
1732609
1395586
347830
972262
289199
1188046
530242
1658186
352138
1783441
1040181
736553
417955
786223
1117827
978696
1069875
912682
1514334
543727
419216
755460
1566225
1694540
479916
140366
601543
1484437
716415
176544
739543
992913
774880
150765
410283
1610873
908123
933836
1197374
703107
1279464
824154
1173409
1327958
936308
53417
332169
461329
673585
1297155
1015108
1145316
252512
1246477
1383513
1684258
462974
1328998
761944
1497470
476421
1402654
1790127
1011526
865439
1189729
1201620
1288609
547868
816785
683799
886166
1768525
1261939
1152777
1442660
1486327
1185087
719794
108622
365379
337653
1304420
434207
919986
211652
441896
192569
1724275
1563135
957527
1218640
649424
443239
350892
683686
863235
1248460
894501
906897
1249187
1326361
1041440
178428
574886
1392873
197238
1070140
1194735
438680
577050
453013
263725
953507
1415172
931931
16578
251687
1639784
152430
1371103
1010643
511704
1422689
915517
1672061
1382253
798066
438459
1079311
367704
554083
1295966
1005119
133270
497590
551474
1673443
710722
1001751
275495
1693750
775000
1117994
1688224
711138
276464
1442851
1287641
406723
144662
1138191
725871
1252000
265014
1334150
403454
659078
793244
1287787
568344
503584
598820
1572412
638336
907842
247006
911126
1471158
1302355
1477388
1440628
1060974
362094
69767
1210943
107733
39289
96411
250872
1165385
972200
1523834
372627
141317
1175851
427909
1582767
312245
485216
1583537
851018
123488
1233661
1149450
579502
498402
605184
682349
114380
332090
1013305
1589276
867394
1318217
1456018
705179
1725875
752562
1527286
1786607
1549801
1327428
511443
626708
1713158
399741
1622475
833901
779778
391196
1443557
1228036
872967
1475413
1349073
1424761
711790
589359
335543
775325
1538502
1207995
883617
574344
1781540
1646852
1160758
1158388
142832
1458745
1177204
779002
837056
245155
114035
385353
429682
1727998
1023619
437934
1700319
203642
1285050
218274
1133631
625273
1001698
909222
1712735
959405
1753035
863935
1075172
168082
647320
1025285
741127
37773
1170353
449366
1684523
1053738
1089128
657653
842333
896248
1547062
407228
1347368
871462
1760041
610959
1557967
1761340
751907
1385313
847745
321559
1592545
1192084
1326407
393016
1202350
684911
1286914
1050522
953219
1426800
1284613
1379299
783938
382645
910062
996325
36496
41922
767839
707156
1545490
400588
310763
517838
1397888
449636
1264879
163925
1723390
1470332
355412
1119794
275966
813367
732193
667007
705201
1418805
1041741
1491072
313832
363682
398265
1757535
499206
152687
1401774
86939
975007
846066
1548287
292745
525003
614973
49383
1412701
1241739
915322
106107
1059756
1130312
332705
853357
1275899
1727924
412408
1657280
292241
1394585
1630629
1280279
1606350
398695
1775822
1588671
122912
1618955
767303
1209963
397044
1421777
970316
66804
280470
1617643
57940
883593
1265755
1298390
520804
588514
1093963
1717541
469646
1155570
993731
1273361
713385
685283
1044322
656965
643602
877575
1395996
1081066
1678888
1248422
348848
174280
1059202
474765
1706096
180554
1346206
1764325
1445816
1661690
1190811
524746
1351428
760331
1131866
260349
260081
11290
576866
677580
748133
940439
1317448
603527
382593
1174439
1049136
244151
337764
146905
1550564
1008508
597321
1321011
799431
1087635
72357
96261
459781
1022885
1789770
136083
390206
1244263
408546
823509
1067114
134707
786862
1193590
1161118
697249
611376
1784609
1642718
310814
1735895
317697
969052
1413426
1568430
815181
1299950
1732108
59438
970096
1683872
1698971
848045
928298
313202
1725903
484524
1085756
1685510
260065
910917
859830
83753
1545336
605112
588392
1394188
1244731
21670
398262
736349
300860
406418
383733
1332689
1039317
1319105
1122668
631146
1324260
1154374
1582904
1689313
1599119
268585
195987
781471
73561
300046
981490
699716
1475701
1197827
103301
1122358
1224298
1603912
1391346
1493822
1119814
200436
1636689
335528
1127011
117689
1255736
815886
1734771
680295
320297
917513
533354
329703
882716
1360009
1685640
1581309
1164715
1248609
1448294
1263251
1017669
860243
547207
1326028
592156
1292977
1747207
1259785
605130
1407000
848322
1106798
159113
1584573
1645161
971985
739925
1217232
436587
1281497
922513
744184
695199
1486769
948834
1384162
1491391
41636
1420734
821065
706898
1672779
454777
230510
1409176
988231
1045745
1009008
640251
317197
877918
1662935
1139913
1161471
804423
408802
1252373
756890
439318
38679
1003455
1213687
883732
433196
1403200
373342
1523193
1472528
119175
1592619
1520030
1685147
969976
1212518
1660312
1063730
564524
1566435
1198271
1189371
884422
1472036
390075
1347183
190367
1157353
886055
728363
1389899
1216570
1127320
1152331
1581312
1224782
517817
1284326
1063949
1439876
1555331
422712
971415
685821
451367
1299065
806835
16665
82553
873084
374890
1740344
1200207
761206
1730679
1759719
1195019
628556
100152
487472
659706
971634
1347965
644677
1779220
1057103
1139398
395178
732453
1692066
1329126
680503
37824
41245
352469
7107
1337577
35040
1007195
806342
64939
49405
1418095
496265
445449
649267
400058
186727
1074346
73126
450203
802870
997198
1159519
1548810
921646
255535
1666304
1323645
1435213
282224
767448
658386
908528
678887
1691109
89952
40623
421020
852742
972885
1469018
1535640
1036205
59773
305637
639161
1231829
459943
123504
254469
530891
1178012
82196
1690590
1575692
575130
787501
1060427
1262360
1229753
575104
1579931
1025469
1309646
305211
1718821
1602465
786922
54680
1684974
626947
908653
123163
1077041
881498
1013441
1095228
602274
1277576
1657221
1419057
828019
567118
256003
560098
1631565
389049
1731805
621322
1051486
1572474
1582963
403898
985290
497406
1748654
101042
1690496
1345788
1485238
977063
1766280
488742
1408823
1512810
1457019
645094
291897
231359
1243554
1426430
400364
1107685
967445
675602
1390221
1384906
232329
1484066
1149114
1311713
454866
801148
1756937
727168
1495038
1631800
1607158
409826
187738
428379
1485488
484991
1146017
236298
357519
1758025
1098066
1662676
1443299
1356884
1339192
1146816
1140583
1738270
13021
1424721
1190019
452800
1545815
858365
1242019
1476949
595598
374505
398453
114230
1691901
1237918
564394
1122299
186459
764131
1046675
1418757
191545
357360
354018
909936
788915
1194325
925404
170991
815821
106647
677328
1579246
882140
221417
422981
1394652
1250310
262244
83627
1548483
595663
858531
695824
291627
35582
695070
117383
339296
543363
696571
10133
506267
301001
649582
1043286
707118
1126938
961076
305794
268820
837383
651413
315711
549633
925150
744257
1136421
879743
1733870
1477599
439168
1593307
489604
1031088
907561
1098703
1620234
1342705
778211
435919
764985
872344
1199076
988709
1727896
1454454
127110
1782264
109769
938971
1571298
1309543
1273137
904544
46202
667830
1008929
1417674
44202
679848
1534826
994856
1097894
1431289
1574825
929678
1250617
793613
1688195
213806
1600707
676133
778676
920544
278796
477211
833309
1087264
1663031
1161768
865595
921008
425884
730840
1226427
1395642
790919
1315493
646340
1312959
674376
17747
1523715
1494958
332174
1681786
1043854
873402
1412032
340883
1126099
1380379
313593
1458689
1225994
446653
825602
265198
818266
1691054
1615319
1645857
684392
1145430
127982
513263
1441315
1421031
764449
600166
316263
1700620
1243384
1381545
1618795
15800
1713864
1106277
273269
70135
1613910
1160172
1412563
450676
1759928
295074
1104855
1375565
1254396
758484
355212
1714383
592943
360832
519386
1736278
1674766
337476
342834
165720
206133
679778
1777639
624225
1575423
197041
844460
764242
519099
139776
845937
1044330
1729007
547938
1662012
276393
1367388
1046919
1765667
1385966
1053911
1426555
296520
1470843
231121
243786
252166
1546993
302486
392328
1338122
585295
1401225
165463
564230
4047
698078
1155813
500577
1513779
1732951
848380
1603374
704253
1543617
964555
460318
1221535
620061
622696
617154
1471037
115596
912021
506150
767778
189160
1230816
1526941
209361
1480212
241042
957346
1079503
63485
1474420
871084
1768292
135297
227570
1147196
1753724
179816
489729
595699
1636126
1449295
1011715
1435715
1300725
1164885
1456657
1349685
612599
511742
769243
1781253
1482928
1531320
406470
669473
279030
1099774
1386977
680505
973418
538944
224983
1553272
37126
1415157
1264070
1228737
1315804
969727
1020976
1223400
1284895
101820
559493
1156000
137079
876443
1094731
1758483
608934
715868
708998
235424
989529
289259
1106046
1144055
1000189
1598993
560881
840446
1788534
1052731
768265
1597906
1178353
1277803
1312122
788587
491336
985050
1048190
1253986
293807
1753504
524183
1084630
194118
965889
209231
271291
997647
1077462
576431
1418895
187047
10744
684292
424794
501710
419754
476075
1474576
1429658
1292331
409079
851372
1588438
1761236
1706677
1433112
832104
1510717
1172692
1463133
1208448
376386
1707210
580886
306579
1056461
1715416
949575
33145
929192
1392050
1585123
1659910
379904
1697273
1104681
923485
1312005
962262
1037739
1238824
779999
370008
770586
487063
950447
1553425
874072
1519285
1701725
1517662
965837
1549516
1497635
1489393
802532
1408713
377411
1708473
225121
1103369
333907
610236
966908
1189517
1147825
759491
1710691
1110590
36347
870604
131485
514421
1450518
1041858
426544
884036
438170
622450
1544675
159119
57439
1176842
1232371
549799
985787
1050663
304679
1614584
273007
820269
912158
1429818
794481
1037347
1688190
418935
336540
1013067
1657152
633965
1601457
489803
1569342
1166709
1239575
72472
1710279
1461
554985
852659
1046362
223112
674109
770267
908868
1586241
34734
953424
245619
367015
1482883
1463732
1256522
634329
1181096
270968
1545747
35035
1283708
1634796
374609
908461
205736
220523
370550
1651467
245837
191331
433594
1492658
219993
1325998
168176
1363996
1139511
1582946
785006
179537
487958
1065522
1554090
673316
146117
1038686
365756
1040832
1209408
628474
1662174
1003183
932543
1076529
120528
716084
1629483
720306
600651
1663310
1661579
591434
37980
667038
7538
3567
723834
1480476
1623655
961874
1714810
1614540
138423
685479
856054
588477
943142
590615
1506516
134044
584578
892694
1690715
1316657
918169
1679950
530925
367595
1634021
137610
1272641
1263085
673121
1353234
1014021
1774554
550996
1202095
1789283
1716262
402327
563672
1102299
262876
933053
924451
869276
1055609
220812
80124
903173
799558
899244
1003601
643410
8996
400170
110134
390606
789467
791049
1447000
661020
504701
620082
869614
1147042
570511
958018
1116414
170351
791769
381930
394896
384897
1360925
1600872
1668672
1459870
803681
726600
399290
475572
1350010
640959
412753
1202404
304494
1623876
1503884
1162152
208571
842754
1575313
1299238
1425228
845794
1529428
672360
50213
856678
874720
234513
1757431
1257838
1377459
1723766
571669
173046
1120260
682952
26679
1132629
17076
1203116
74321
430042
178191
626358
1342534
1282958
1441610
1014492
1042625
429710
1298968
1233825
1619026
464660
1420687
1132106
348043
1593634
1130352
256477
1281751
1004245
426887
1741568
1611224
1359302
1462464
300183
587453
1651114
186372
166810
972829
1551030
982334
1225946
1640143
1608518
446831
950482
196562
1267586
328315
465778
1684586
985800
1738313
43317
141771
107414
480823
1021149
1401910
823899
1637486
1500863
1612803
79279
297306
314595
985488
816400
727231
724651
937950
759485
122003
